4 0 0000000000000001
4 0 0000000000000002
4 0 0000000000000004
4 0 0000000000000028
4 0 0000000000000136
4 0 000000000000019a
4 0 0000000000000241
4 0 00000000000003f8
4 0 0000000000000400
4 0 0000000000000407
4 0 0000000000000408
4 0 0000000000000442
4 0 0000000000000488
4 0 0000000000000600
4 0 000000000000064e
4 0 0000000000000800
4 0 000000000000087b
4 0 0000000000000a40
4 0 0000000000000c78
4 0 0000000000000f80
4 0 0000000000000ff8
4 0 0000000000001248
4 0 0000000000001400
4 0 00000000000016c7
4 0 0000000000002000
4 0 000000000000211b
4 0 00000000000031c0
4 0 0000000000003400
4 0 00000000000037ff
4 0 0000000000003800
4 0 0000000000004000
4 0 0000000000004084
4 0 0000000000004200
4 0 0000000000004800
4 0 0000000000004c00
4 0 0000000000004d27
4 0 0000000000006000
4 0 00000000000060ad
4 0 0000000000006300
4 0 0000000000006369
4 0 0000000000007000
4 0 00000000000073c0
4 0 0000000000007c00
4 0 000000000000c80f
4 0 000000000000ffec
4 1 0000000000000001
4 1 0000000000000002
4 1 0000000000000004
4 1 0000000000000028
4 1 0000000000000080
4 1 0000000000000136
4 1 000000000000019a
4 1 0000000000000241
4 1 00000000000003f8
4 1 0000000000000400
4 1 0000000000000407
4 1 0000000000000408
4 1 0000000000000442
4 1 0000000000000444
4 1 0000000000000488
4 1 00000000000004cc
4 1 0000000000000600
4 1 0000000000000648
4 1 000000000000064e
4 1 0000000000000800
4 1 000000000000087b
4 1 0000000000000888
4 1 00000000000008a2
4 1 00000000000008c4
4 1 0000000000000a40
4 1 0000000000000c78
4 1 0000000000000f80
4 1 0000000000000ff8
4 1 0000000000001248
4 1 0000000000001400
4 1 0000000000001460
4 1 00000000000015ca
4 1 00000000000016c7
4 1 0000000000001c00
4 1 0000000000002000
4 1 00000000000020ca
4 1 000000000000211b
4 1 0000000000002222
4 1 00000000000022aa
4 1 0000000000002666
4 1 000000000000269e
4 1 00000000000026ec
4 1 0000000000003400
4 1 00000000000037ff
4 1 0000000000003800
4 1 0000000000004000
4 1 0000000000004084
4 1 0000000000004800
4 1 0000000000004c00
4 1 0000000000004d27
4 1 0000000000005c00
4 1 0000000000006000
4 1 00000000000060ad
4 1 0000000000006300
4 1 0000000000006369
4 1 0000000000007000
4 1 0000000000007c00
4 1 000000000000d911
4 1 000000000000fb33
4 1 000000000000ffec
4 2 000000000000125a
4 2 0000000000007c00
4 4 0000000000007c00
4 5 0000000000000000
4 5 00000000000003f8
4 5 0000000000000407
4 5 000000000000087b
4 5 0000000000000c78
4 5 0000000000000f80
4 5 000000000000211b
4 5 0000000000004000
4 5 0000000000004084
4 5 0000000000004d27
4 5 00000000000060ad
4 5 0000000000006300
4 5 0000000000007c00
4 6 0000000000000000
4 6 0000000000000400
4 6 0000000000000407
4 6 0000000000000800
4 6 000000000000087b
4 6 0000000000001400
4 6 0000000000002000
4 6 000000000000211b
4 6 0000000000003400
4 6 0000000000003800
4 6 0000000000004000
4 6 0000000000004084
4 6 0000000000004c00
4 6 0000000000004d27
4 6 0000000000006000
4 6 00000000000060ad
4 6 0000000000006300
4 6 0000000000006369
4 6 0000000000007000
4 6 0000000000007c00
4 7 0000000000000000
4 7 0000000000000400
4 7 0000000000000408
4 7 0000000000000800
4 7 0000000000001248
4 7 0000000000001400
4 7 00000000000016c7
4 7 0000000000002000
4 7 0000000000003400
4 7 0000000000003800
4 7 0000000000004000
4 7 0000000000004800
4 7 0000000000004c00
4 7 0000000000006000
4 7 0000000000006369
4 7 0000000000007000
4 7 0000000000007c00
4 8 0000000000000000
4 8 0000000000001400
4 8 00000000000016c7
4 8 0000000000004000
4 8 0000000000004800
4 8 0000000000006000
4 8 0000000000007c00
4 9 0000000000000000
4 9 0000000000000400
4 9 0000000000000488
4 9 0000000000001400
4 9 00000000000037ff
4 9 0000000000004000
4 9 0000000000006000
4 9 000000000000ffec
4 10 0000000000000000
4 10 0000000000000002
4 10 0000000000000004
4 10 0000000000000028
4 10 000000000000019a
4 10 0000000000000442
4 10 0000000000000600
4 10 000000000000064e
4 10 0000000000000ff8
4 10 00000000000037ff
4 10 0000000000004000
4 10 000000000000ffec
4 11 0000000000000000
4 11 0000000000000002
4 11 0000000000000004
4 11 0000000000000028
4 11 000000000000019a
4 11 0000000000000241
4 11 0000000000000442
4 11 0000000000000600
4 11 000000000000064e
4 11 0000000000000a40
4 11 0000000000000ff8
4 11 00000000000037ff
4 11 000000000000ffec
4 12 0000000000000000
4 12 0000000000000241
4 12 0000000000000488
4 12 0000000000000a40
4 12 0000000000004000
4 13 0000000000000000
4 13 0000000000000136
4 13 0000000000000488
4 13 0000000000004000
4 14 0000000000000000
4 14 0000000000004000
4 15 0000000000000000
4 15 0000000000000407
4 16 0000000000000000
4 16 0000000000000400
4 17 0000000000000000
4 18 0000000000000000
4 18 0000000000000001
4 18 0000000000004000
5 0 0000000000000a48
5 0 0000000000000b6c
5 0 0000000000001480
5 0 0000000000001ec8
5 0 00000000080f0c0f
5 0 0000000020802001
5 0 0000000030003000
5 0 0000000044000000
5 0 0000000047000300
5 0 0000000080f0c0f0
5 0 00000000b4d22911
5 0 00000000ec80c800
5 0 00000000ecc88000
5 0 00000000fce8c080
5 0 00000000fec8c800
5 0 00000000fefce8c0
5 0 00000000ffecec80
5 0 00000000ffecfec8
5 0 00000000fffeecc8
5 1 0000000000000013
5 1 0000000000000a48
5 1 0000000000000b6c
5 1 0000000000001480
5 1 0000000000001ec8
5 1 0000000000100050
5 1 0000000000200013
5 1 000000000c060c0c
5 1 0000000010202020
5 1 0000000010701f00
5 1 000000001a7d8b6c
5 1 0000000020802001
5 1 0000000040001500
5 1 0000000044000000
5 1 000000008c4e18f0
5 1 00000000b4d22911
5 1 00000000c56b4a5a
5 1 00000000e07fe000
5 1 00000000ff800000
5 2 0000000044000000
5 4 00000000b4d22911
5 10 0000000000000a48
5 10 0000000000001480
5 11 0000000000000b6c
5 11 0000000000001ec8
5 12 0000000020802001
6 0 ffecfec8ec80c800
6 1 000004c800004848
6 1 00000cc000004848
6 1 00008c800000cc00
6 1 00691ec800001480
6 1 0080c0e0f0f8fcfe
6 1 038fe7f06fbe1f00
6 1 0c06060c0c0c0606
6 1 2020000023130000
6 1 3a94b5a5c56b4a5a
6 1 80a0a0a080000000
6 1 93ce070f6c31f8f0
6 1 c0c0cc008448cc00
6 1 df16c1361a7d8b6c
6 1 ffecfec8ec80c800
6 2 ffecfec8ec80c800
