1421
0 0 5 257 0 0 0 0
0 0 5 257 0 0 1 0
0 0 5 257 0 0 2 0
0 0 5 257 0 0 3 0
0 0 5 257 0 0 4 0
0 0 5 257 0 0 5 0
0 0 5 257 0 0 6 0
1 0 7 257 0 0 0 0
1 0 7 257 0 0 1 0
1 0 7 257 0 0 2 0
1 0 7 257 0 0 3 0
1 0 7 257 0 0 4 0
1 0 7 257 0 0 5 0
1 0 7 257 0 0 6 0
2 0 9 257 0 0 0 0
2 0 9 257 0 0 1 0
2 0 9 257 0 0 2 0
2 0 9 257 0 0 3 0
2 0 9 257 0 0 4 0
2 0 9 257 0 0 5 0
2 0 9 257 0 0 6 0
3 0 11 257 0 0 0 0
3 0 11 257 0 0 1 0
3 0 11 257 0 0 2 0
3 0 11 257 0 0 3 0
3 0 11 257 0 0 4 0
3 0 11 257 0 0 5 0
3 0 11 257 0 0 6 0
4 0 13 257 0 0 0 0
4 0 13 257 0 0 1 0
4 0 13 257 0 0 2 0
4 0 13 257 0 0 3 0
4 0 13 257 0 0 4 0
4 0 13 257 0 0 5 0
4 0 13 257 0 0 6 0
5 0 15 257 0 0 0 0
5 0 15 257 0 0 1 0
5 0 15 257 0 0 2 0
5 0 15 257 0 0 3 0
5 0 15 257 0 0 4 0
5 0 15 257 0 0 5 0
5 0 15 257 0 0 6 0
6 0 17 257 0 0 0 0
6 0 17 257 0 0 1 0
6 0 17 257 0 0 2 0
6 0 17 257 0 0 3 0
6 0 17 257 0 0 4 0
6 0 17 257 0 0 5 0
6 0 17 257 0 0 6 0
7 0 19 257 0 0 0 0
7 0 19 257 0 0 1 0
7 0 19 257 0 0 2 0
7 0 19 257 0 0 3 0
7 0 19 257 0 0 4 0
7 0 19 257 0 0 5 0
7 0 19 257 0 0 6 0
8 0 21 257 0 0 0 0
8 0 21 257 0 0 1 0
8 0 21 257 0 0 2 0
8 0 21 257 0 0 3 0
8 0 21 257 0 0 4 0
8 0 21 257 0 0 5 0
8 0 21 257 0 0 6 0
9 0 23 257 0 0 0 0
9 0 23 257 0 0 1 0
9 0 23 257 0 0 2 0
9 0 23 257 0 0 3 0
9 0 23 257 0 0 4 0
9 0 23 257 0 0 5 0
9 0 23 257 0 0 6 0
10 0 25 257 0 0 0 0
10 0 25 257 0 0 1 0
10 0 25 257 0 0 2 0
10 0 25 257 0 0 3 0
10 0 25 257 0 0 4 0
10 0 25 257 0 0 5 0
10 0 25 257 0 0 6 0
11 0 27 257 0 0 0 0
11 0 27 257 0 0 1 0
11 0 27 257 0 0 2 0
11 0 27 257 0 0 3 0
11 0 27 257 0 0 4 0
11 0 27 257 0 0 5 0
11 0 27 257 0 0 6 0
12 0 29 257 0 0 0 0
12 0 29 257 0 0 1 0
12 0 29 257 0 0 2 0
12 0 29 257 0 0 3 0
12 0 29 257 0 0 4 0
12 0 29 257 0 0 5 0
12 0 29 257 0 0 6 0
13 0 31 257 0 0 0 0
13 0 31 257 0 0 1 0
13 0 31 257 0 0 2 0
13 0 31 257 0 0 3 0
13 0 31 257 0 0 4 0
13 0 31 257 0 0 5 0
13 0 31 257 0 0 6 0
14 0 33 257 0 0 0 0
14 0 33 257 0 0 1 0
14 0 33 257 0 0 2 0
14 0 33 257 0 0 3 0
14 0 33 257 0 0 4 0
14 0 33 257 0 0 5 0
14 0 33 257 0 0 6 0
15 0 35 257 0 0 0 0
15 0 35 257 0 0 1 0
15 0 35 257 0 0 2 0
15 0 35 257 0 0 3 0
15 0 35 257 0 0 4 0
15 0 35 257 0 0 5 0
15 0 35 257 0 0 6 0
16 0 37 257 0 0 0 0
16 0 37 257 0 0 1 0
16 0 37 257 0 0 2 0
16 0 37 257 0 0 3 0
16 0 37 257 0 0 4 0
16 0 37 257 0 0 5 0
16 0 37 257 0 0 6 0
17 0 39 257 0 0 0 0
17 0 39 257 0 0 1 0
17 0 39 257 0 0 2 0
17 0 39 257 0 0 3 0
17 0 39 257 0 0 4 0
17 0 39 257 0 0 5 0
17 0 39 257 0 0 6 0
18 0 41 257 0 0 0 0
18 0 41 257 0 0 1 0
18 0 41 257 0 0 2 0
18 0 41 257 0 0 3 0
18 0 41 257 0 0 4 0
18 0 41 257 0 0 5 0
18 0 41 257 0 0 6 0
19 0 43 257 0 0 0 0
19 0 43 257 0 0 1 0
19 0 43 257 0 0 2 0
19 0 43 257 0 0 3 0
19 0 43 257 0 0 4 0
19 0 43 257 0 0 5 0
19 0 43 257 0 0 6 0
20 0 45 257 0 0 0 0
20 0 45 257 0 0 1 0
20 0 45 257 0 0 2 0
20 0 45 257 0 0 3 0
20 0 45 257 0 0 4 0
20 0 45 257 0 0 5 0
20 0 45 257 0 0 6 0
21 0 47 257 0 0 0 0
21 0 47 257 0 0 1 0
21 0 47 257 0 0 2 0
21 0 47 257 0 0 3 0
21 0 47 257 0 0 4 0
21 0 47 257 0 0 5 0
21 0 47 257 0 0 6 0
22 0 49 257 0 0 0 0
22 0 49 257 0 0 1 0
22 0 49 257 0 0 2 0
22 0 49 257 0 0 3 0
22 0 49 257 0 0 4 0
22 0 49 257 0 0 5 0
22 0 49 257 0 0 6 0
23 0 51 257 0 0 0 0
23 0 51 257 0 0 1 0
23 0 51 257 0 0 2 0
23 0 51 257 0 0 3 0
23 0 51 257 0 0 4 0
23 0 51 257 0 0 5 0
23 0 51 257 0 0 6 0
24 0 53 257 0 0 0 0
24 0 53 257 0 0 1 0
24 0 53 257 0 0 2 0
24 0 53 257 0 0 3 0
24 0 53 257 0 0 4 0
24 0 53 257 0 0 5 0
24 0 53 257 0 0 6 0
25 0 55 257 0 0 0 0
25 0 55 257 0 0 1 0
25 0 55 257 0 0 2 0
25 0 55 257 0 0 3 0
25 0 55 257 0 0 4 0
25 0 55 257 0 0 5 0
25 0 55 257 0 0 6 0
26 0 57 257 0 0 0 0
26 0 57 257 0 0 1 0
26 0 57 257 0 0 2 0
26 0 57 257 0 0 3 0
26 0 57 257 0 0 4 0
26 0 57 257 0 0 5 0
26 0 57 257 0 0 6 0
27 0 59 257 0 0 0 0
27 0 59 257 0 0 1 0
27 0 59 257 0 0 2 0
27 0 59 257 0 0 3 0
27 0 59 257 0 0 4 0
27 0 59 257 0 0 5 0
27 0 59 257 0 0 6 0
28 0 61 257 0 0 0 0
28 0 61 257 0 0 1 0
28 0 61 257 0 0 2 0
28 0 61 257 0 0 3 0
28 0 61 257 0 0 4 0
28 0 61 257 0 0 5 0
28 0 61 257 0 0 6 0
29 0 63 257 0 0 0 0
29 0 63 257 0 0 1 0
29 0 63 257 0 0 2 0
29 0 63 257 0 0 3 0
29 0 63 257 0 0 4 0
29 0 63 257 0 0 5 0
29 0 63 257 0 0 6 0
30 0 65 257 0 0 0 0
30 0 65 257 0 0 1 0
30 0 65 257 0 0 2 0
30 0 65 257 0 0 3 0
30 0 65 257 0 0 4 0
30 0 65 257 0 0 5 0
30 0 65 257 0 0 6 0
31 0 67 257 0 0 0 0
31 0 67 257 0 0 1 0
31 0 67 257 0 0 2 0
31 0 67 257 0 0 3 0
31 0 67 257 0 0 4 0
31 0 67 257 0 0 5 0
31 0 67 257 0 0 6 0
32 0 69 257 0 0 0 0
32 0 69 257 0 0 1 0
32 0 69 257 0 0 2 0
32 0 69 257 0 0 3 0
32 0 69 257 0 0 4 0
32 0 69 257 0 0 5 0
32 0 69 257 0 0 6 0
33 0 71 257 0 0 0 0
33 0 71 257 0 0 1 0
33 0 71 257 0 0 2 0
33 0 71 257 0 0 3 0
33 0 71 257 0 0 4 0
33 0 71 257 0 0 5 0
33 0 71 257 0 0 6 0
34 0 73 255 0 0 0 0
34 0 73 255 0 0 1 0
34 0 73 255 0 0 2 0
34 0 73 255 0 0 3 0
34 0 73 255 0 0 4 0
34 0 73 255 0 0 5 0
34 0 73 255 0 0 6 0
35 0 75 254 0 0 0 0
35 0 75 254 0 0 1 0
35 0 75 254 0 0 2 0
35 0 75 254 0 0 3 0
35 0 75 254 0 0 4 0
35 0 75 254 0 0 5 0
35 0 75 254 0 0 6 0
36 0 77 252 0 0 0 0
36 0 77 252 0 0 1 0
36 0 77 252 0 0 2 0
36 0 77 252 0 0 3 0
36 0 77 252 0 0 4 0
36 0 77 252 0 0 5 0
36 0 77 252 0 0 6 0
37 0 79 251 0 0 0 0
37 0 79 251 0 0 1 0
37 0 79 251 0 0 2 0
37 0 79 251 0 0 3 0
37 0 79 251 0 0 4 0
37 0 79 251 0 0 5 0
37 0 79 251 0 0 6 0
38 0 81 249 0 0 0 0
38 0 81 249 0 0 1 0
38 0 81 249 0 0 2 0
38 0 81 249 0 0 3 0
38 0 81 249 0 0 4 0
38 0 81 249 0 0 5 0
38 0 81 249 0 0 6 0
39 0 83 248 0 0 0 0
39 0 83 248 0 0 1 0
39 0 83 248 0 0 2 0
39 0 83 248 0 0 3 0
39 0 83 248 0 0 4 0
39 0 83 248 0 0 5 0
39 0 83 248 0 0 6 0
40 0 85 246 0 0 0 0
40 0 85 246 0 0 1 0
40 0 85 246 0 0 2 0
40 0 85 246 0 0 3 0
40 0 85 246 0 0 4 0
40 0 85 246 0 0 5 0
40 0 85 246 0 0 6 0
41 0 87 245 0 0 0 0
41 0 87 245 0 0 1 0
41 0 87 245 0 0 2 0
41 0 87 245 0 0 3 0
41 0 87 245 0 0 4 0
41 0 87 245 0 0 5 0
41 0 87 245 0 0 6 0
42 0 89 243 0 0 0 0
42 0 89 243 0 0 1 0
42 0 89 243 0 0 2 0
42 0 89 243 0 0 3 0
42 0 89 243 0 0 4 0
42 0 89 243 0 0 5 0
42 0 89 243 0 0 6 0
43 0 91 241 0 0 0 0
43 0 91 241 0 0 1 0
43 0 91 241 0 0 2 0
43 0 91 241 0 0 3 0
43 0 91 241 0 0 4 0
43 0 91 241 0 0 5 0
43 0 91 241 0 0 6 0
44 0 93 240 0 0 0 0
44 0 93 240 0 0 1 0
44 0 93 240 0 0 2 0
44 0 93 240 0 0 3 0
44 0 93 240 0 0 4 0
44 0 93 240 0 0 5 0
44 0 93 240 0 0 6 0
45 0 95 238 0 0 0 0
45 0 95 238 0 0 1 0
45 0 95 238 0 0 2 0
45 0 95 238 0 0 3 0
45 0 95 238 0 0 4 0
45 0 95 238 0 0 5 0
45 0 95 238 0 0 6 0
46 0 97 237 0 0 0 0
46 0 97 237 0 0 1 0
46 0 97 237 0 0 2 0
46 0 97 237 0 0 3 0
46 0 97 237 0 0 4 0
46 0 97 237 0 0 5 0
46 0 97 237 0 0 6 0
47 0 99 235 0 0 0 0
47 0 99 235 0 0 1 0
47 0 99 235 0 0 2 0
47 0 99 235 0 0 3 0
47 0 99 235 0 0 4 0
47 0 99 235 0 0 5 0
47 0 99 235 0 0 6 0
48 0 101 234 0 0 0 0
48 0 101 234 0 0 1 0
48 0 101 234 0 0 2 0
48 0 101 234 0 0 3 0
48 0 101 234 0 0 4 0
48 0 101 234 0 0 5 0
48 0 101 234 0 0 6 0
49 0 103 232 0 0 0 0
49 0 103 232 0 0 1 0
49 0 103 232 0 0 2 0
49 0 103 232 0 0 3 0
49 0 103 232 0 0 4 0
49 0 103 232 0 0 5 0
49 0 103 232 0 0 6 0
50 0 105 231 0 0 0 0
50 0 105 231 0 0 1 0
50 0 105 231 0 0 2 0
50 0 105 231 0 0 3 0
50 0 105 231 0 0 4 0
50 0 105 231 0 0 5 0
50 0 105 231 0 0 6 0
51 0 107 229 0 0 0 0
51 0 107 229 0 0 1 0
51 0 107 229 0 0 2 0
51 0 107 229 0 0 3 0
51 0 107 229 0 0 4 0
51 0 107 229 0 0 5 0
51 0 107 229 0 0 6 0
52 0 109 228 0 0 0 0
52 0 109 228 0 0 1 0
52 0 109 228 0 0 2 0
52 0 109 228 0 0 3 0
52 0 109 228 0 0 4 0
52 0 109 228 0 0 5 0
52 0 109 228 0 0 6 0
53 0 111 226 0 0 0 0
53 0 111 226 0 0 1 0
53 0 111 226 0 0 2 0
53 0 111 226 0 0 3 0
53 0 111 226 0 0 4 0
53 0 111 226 0 0 5 0
53 0 111 226 0 0 6 0
54 0 113 225 0 0 0 0
54 0 113 225 0 0 1 0
54 0 113 225 0 0 2 0
54 0 113 225 0 0 3 0
54 0 113 225 0 0 4 0
54 0 113 225 0 0 5 0
54 0 113 225 0 0 6 0
55 0 115 223 0 0 0 0
55 0 115 223 0 0 1 0
55 0 115 223 0 0 2 0
55 0 115 223 0 0 3 0
55 0 115 223 0 0 4 0
55 0 115 223 0 0 5 0
55 0 115 223 0 0 6 0
56 0 117 222 0 0 0 0
56 0 117 222 0 0 1 0
56 0 117 222 0 0 2 0
56 0 117 222 0 0 3 0
56 0 117 222 0 0 4 0
56 0 117 222 0 0 5 0
56 0 117 222 0 0 6 0
57 0 119 220 0 0 0 0
57 0 119 220 0 0 1 0
57 0 119 220 0 0 2 0
57 0 119 220 0 0 3 0
57 0 119 220 0 0 4 0
57 0 119 220 0 0 5 0
57 0 119 220 0 0 6 0
58 0 121 219 0 0 0 0
58 0 121 219 0 0 1 0
58 0 121 219 0 0 2 0
58 0 121 219 0 0 3 0
58 0 121 219 0 0 4 0
58 0 121 219 0 0 5 0
58 0 121 219 0 0 6 0
59 0 123 217 0 0 0 0
59 0 123 217 0 0 1 0
59 0 123 217 0 0 2 0
59 0 123 217 0 0 3 0
59 0 123 217 0 0 4 0
59 0 123 217 0 0 5 0
59 0 123 217 0 0 6 0
60 0 125 216 0 0 0 0
60 0 125 216 0 0 1 0
60 0 125 216 0 0 2 0
60 0 125 216 0 0 3 0
60 0 125 216 0 0 4 0
60 0 125 216 0 0 5 0
60 0 125 216 0 0 6 0
61 0 127 214 0 0 0 0
61 0 127 214 0 0 1 0
61 0 127 214 0 0 2 0
61 0 127 214 0 0 3 0
61 0 127 214 0 0 4 0
61 0 127 214 0 0 5 0
61 0 127 214 0 0 6 0
62 0 129 213 0 0 0 0
62 0 129 213 0 0 1 0
62 0 129 213 0 0 2 0
62 0 129 213 0 0 3 0
62 0 129 213 0 0 4 0
62 0 129 213 0 0 5 0
62 0 129 213 0 0 6 0
63 0 131 211 0 0 0 0
63 0 131 211 0 0 1 0
63 0 131 211 0 0 2 0
63 0 131 211 0 0 3 0
63 0 131 211 0 0 4 0
63 0 131 211 0 0 5 0
63 0 131 211 0 0 6 0
64 0 133 210 0 0 0 0
64 0 133 210 0 0 1 0
64 0 133 210 0 0 2 0
64 0 133 210 0 0 3 0
64 0 133 210 0 0 4 0
64 0 133 210 0 0 5 0
64 0 133 210 0 0 6 0
65 0 135 208 0 0 0 0
65 0 135 208 0 0 1 0
65 0 135 208 0 0 2 0
65 0 135 208 0 0 3 0
65 0 135 208 0 0 4 0
65 0 135 208 0 0 5 0
65 0 135 208 0 0 6 0
66 0 137 207 0 0 0 0
66 0 137 207 0 0 1 0
66 0 137 207 0 0 2 0
66 0 137 207 0 0 3 0
66 0 137 207 0 0 4 0
66 0 137 207 0 0 5 0
66 0 137 207 0 0 6 0
67 0 139 205 0 0 0 0
67 0 139 205 0 0 1 0
67 0 139 205 0 0 2 0
67 0 139 205 0 0 3 0
67 0 139 205 0 0 4 0
67 0 139 205 0 0 5 0
67 0 139 205 0 0 6 0
68 0 141 204 0 0 0 0
68 0 141 204 0 0 1 0
68 0 141 204 0 0 2 0
68 0 141 204 0 0 3 0
68 0 141 204 0 0 4 0
68 0 141 204 0 0 5 0
68 0 141 204 0 0 6 0
69 0 143 202 0 0 0 0
69 0 143 202 0 0 1 0
69 0 143 202 0 0 2 0
69 0 143 202 0 0 3 0
69 0 143 202 0 0 4 0
69 0 143 202 0 0 5 0
69 0 143 202 0 0 6 0
70 0 145 201 0 0 0 0
70 0 145 201 0 0 1 0
70 0 145 201 0 0 2 0
70 0 145 201 0 0 3 0
70 0 145 201 0 0 4 0
70 0 145 201 0 0 5 0
70 0 145 201 0 0 6 0
71 0 147 199 0 0 0 0
71 0 147 199 0 0 1 0
71 0 147 199 0 0 2 0
71 0 147 199 0 0 3 0
71 0 147 199 0 0 4 0
71 0 147 199 0 0 5 0
71 0 147 199 0 0 6 0
72 0 149 198 0 0 0 0
72 0 149 198 0 0 1 0
72 0 149 198 0 0 2 0
72 0 149 198 0 0 3 0
72 0 149 198 0 0 4 0
72 0 149 198 0 0 5 0
72 0 149 198 0 0 6 0
73 0 151 196 0 0 0 0
73 0 151 196 0 0 1 0
73 0 151 196 0 0 2 0
73 0 151 196 0 0 3 0
73 0 151 196 0 0 4 0
73 0 151 196 0 0 5 0
73 0 151 196 0 0 6 0
74 0 153 195 0 0 0 0
74 0 153 195 0 0 1 0
74 0 153 195 0 0 2 0
74 0 153 195 0 0 3 0
74 0 153 195 0 0 4 0
74 0 153 195 0 0 5 0
74 0 153 195 0 0 6 0
75 0 155 193 0 0 0 0
75 0 155 193 0 0 1 0
75 0 155 193 0 0 2 0
75 0 155 193 0 0 3 0
75 0 155 193 0 0 4 0
75 0 155 193 0 0 5 0
75 0 155 193 0 0 6 0
76 0 157 192 0 0 0 0
76 0 157 192 0 0 1 0
76 0 157 192 0 0 2 0
76 0 157 192 0 0 3 0
76 0 157 192 0 0 4 0
76 0 157 192 0 0 5 0
76 0 157 192 0 0 6 0
77 0 159 190 0 0 0 0
77 0 159 190 0 0 1 0
77 0 159 190 0 0 2 0
77 0 159 190 0 0 3 0
77 0 159 190 0 0 4 0
77 0 159 190 0 0 5 0
77 0 159 190 0 0 6 0
78 0 161 189 0 0 0 0
78 0 161 189 0 0 1 0
78 0 161 189 0 0 2 0
78 0 161 189 0 0 3 0
78 0 161 189 0 0 4 0
78 0 161 189 0 0 5 0
78 0 161 189 0 0 6 0
79 0 163 187 0 0 0 0
79 0 163 187 0 0 1 0
79 0 163 187 0 0 2 0
79 0 163 187 0 0 3 0
79 0 163 187 0 0 4 0
79 0 163 187 0 0 5 0
79 0 163 187 0 0 6 0
80 0 165 186 0 0 0 0
80 0 165 186 0 0 1 0
80 0 165 186 0 0 2 0
80 0 165 186 0 0 3 0
80 0 165 186 0 0 4 0
80 0 165 186 0 0 5 0
80 0 165 186 0 0 6 0
81 0 167 184 0 0 0 0
81 0 167 184 0 0 1 0
81 0 167 184 0 0 2 0
81 0 167 184 0 0 3 0
81 0 167 184 0 0 4 0
81 0 167 184 0 0 5 0
81 0 167 184 0 0 6 0
82 0 169 183 0 0 0 0
82 0 169 183 0 0 1 0
82 0 169 183 0 0 2 0
82 0 169 183 0 0 3 0
82 0 169 183 0 0 4 0
82 0 169 183 0 0 5 0
82 0 169 183 0 0 6 0
83 0 171 181 0 0 0 0
83 0 171 181 0 0 1 0
83 0 171 181 0 0 2 0
83 0 171 181 0 0 3 0
83 0 171 181 0 0 4 0
83 0 171 181 0 0 5 0
83 0 171 181 0 0 6 0
84 0 173 180 0 0 0 0
84 0 173 180 0 0 1 0
84 0 173 180 0 0 2 0
84 0 173 180 0 0 3 0
84 0 173 180 0 0 4 0
84 0 173 180 0 0 5 0
84 0 173 180 0 0 6 0
85 0 175 178 0 0 0 0
85 0 175 178 0 0 1 0
85 0 175 178 0 0 2 0
85 0 175 178 0 0 3 0
85 0 175 178 0 0 4 0
85 0 175 178 0 0 5 0
85 0 175 178 0 0 6 0
86 0 177 177 0 0 0 0
86 0 177 177 0 0 1 0
86 0 177 177 0 0 2 0
86 0 177 177 0 0 3 0
86 0 177 177 0 0 4 0
86 0 177 177 0 0 5 0
86 0 177 177 0 0 6 0
87 0 179 175 0 0 0 0
87 0 179 175 0 0 1 0
87 0 179 175 0 0 2 0
87 0 179 175 0 0 3 0
87 0 179 175 0 0 4 0
87 0 179 175 0 0 5 0
87 0 179 175 0 0 6 0
88 0 181 174 0 0 0 0
88 0 181 174 0 0 1 0
88 0 181 174 0 0 2 0
88 0 181 174 0 0 3 0
88 0 181 174 0 0 4 0
88 0 181 174 0 0 5 0
88 0 181 174 0 0 6 0
89 0 183 172 0 0 0 0
89 0 183 172 0 0 1 0
89 0 183 172 0 0 2 0
89 0 183 172 0 0 3 0
89 0 183 172 0 0 4 0
89 0 183 172 0 0 5 0
89 0 183 172 0 0 6 0
90 0 185 171 0 0 0 0
90 0 185 171 0 0 1 0
90 0 185 171 0 0 2 0
90 0 185 171 0 0 3 0
90 0 185 171 0 0 4 0
90 0 185 171 0 0 5 0
90 0 185 171 0 0 6 0
91 0 187 169 0 0 0 0
91 0 187 169 0 0 1 0
91 0 187 169 0 0 2 0
91 0 187 169 0 0 3 0
91 0 187 169 0 0 4 0
91 0 187 169 0 0 5 0
91 0 187 169 0 0 6 0
92 0 189 168 0 0 0 0
92 0 189 168 0 0 1 0
92 0 189 168 0 0 2 0
92 0 189 168 0 0 3 0
92 0 189 168 0 0 4 0
92 0 189 168 0 0 5 0
92 0 189 168 0 0 6 0
93 0 191 166 0 0 0 0
93 0 191 166 0 0 1 0
93 0 191 166 0 0 2 0
93 0 191 166 0 0 3 0
93 0 191 166 0 0 4 0
93 0 191 166 0 0 5 0
93 0 191 166 0 0 6 0
94 0 193 165 0 0 0 0
94 0 193 165 0 0 1 0
94 0 193 165 0 0 2 0
94 0 193 165 0 0 3 0
94 0 193 165 0 0 4 0
94 0 193 165 0 0 5 0
94 0 193 165 0 0 6 0
95 0 195 163 0 0 0 0
95 0 195 163 0 0 1 0
95 0 195 163 0 0 2 0
95 0 195 163 0 0 3 0
95 0 195 163 0 0 4 0
95 0 195 163 0 0 5 0
95 0 195 163 0 0 6 0
96 0 197 162 0 0 0 0
96 0 197 162 0 0 1 0
96 0 197 162 0 0 2 0
96 0 197 162 0 0 3 0
96 0 197 162 0 0 4 0
96 0 197 162 0 0 5 0
96 0 197 162 0 0 6 0
97 0 199 160 0 0 0 0
97 0 199 160 0 0 1 0
97 0 199 160 0 0 2 0
97 0 199 160 0 0 3 0
97 0 199 160 0 0 4 0
97 0 199 160 0 0 5 0
97 0 199 160 0 0 6 0
98 0 201 159 0 0 0 0
98 0 201 159 0 0 1 0
98 0 201 159 0 0 2 0
98 0 201 159 0 0 3 0
98 0 201 159 0 0 4 0
98 0 201 159 0 0 5 0
98 0 201 159 0 0 6 0
99 0 203 157 0 0 0 0
99 0 203 157 0 0 1 0
99 0 203 157 0 0 2 0
99 0 203 157 0 0 3 0
99 0 203 157 0 0 4 0
99 0 203 157 0 0 5 0
99 0 203 157 0 0 6 0
100 0 205 156 0 0 0 0
100 0 205 156 0 0 1 0
100 0 205 156 0 0 2 0
100 0 205 156 0 0 3 0
100 0 205 156 0 0 4 0
100 0 205 156 0 0 5 0
100 0 205 156 0 0 6 0
101 0 207 154 0 0 0 0
101 0 207 154 0 0 1 0
101 0 207 154 0 0 2 0
101 0 207 154 0 0 3 0
101 0 207 154 0 0 4 0
101 0 207 154 0 0 5 0
101 0 207 154 0 0 6 0
102 0 209 153 0 0 0 0
102 0 209 153 0 0 1 0
102 0 209 153 0 0 2 0
102 0 209 153 0 0 3 0
102 0 209 153 0 0 4 0
102 0 209 153 0 0 5 0
102 0 209 153 0 0 6 0
103 0 211 151 0 0 0 0
103 0 211 151 0 0 1 0
103 0 211 151 0 0 2 0
103 0 211 151 0 0 3 0
103 0 211 151 0 0 4 0
103 0 211 151 0 0 5 0
103 0 211 151 0 0 6 0
104 0 213 150 0 0 0 0
104 0 213 150 0 0 1 0
104 0 213 150 0 0 2 0
104 0 213 150 0 0 3 0
104 0 213 150 0 0 4 0
104 0 213 150 0 0 5 0
104 0 213 150 0 0 6 0
105 0 215 148 0 0 0 0
105 0 215 148 0 0 1 0
105 0 215 148 0 0 2 0
105 0 215 148 0 0 3 0
105 0 215 148 0 0 4 0
105 0 215 148 0 0 5 0
105 0 215 148 0 0 6 0
106 0 217 147 0 0 0 0
106 0 217 147 0 0 1 0
106 0 217 147 0 0 2 0
106 0 217 147 0 0 3 0
106 0 217 147 0 0 4 0
106 0 217 147 0 0 5 0
106 0 217 147 0 0 6 0
107 0 219 145 0 0 0 0
107 0 219 145 0 0 1 0
107 0 219 145 0 0 2 0
107 0 219 145 0 0 3 0
107 0 219 145 0 0 4 0
107 0 219 145 0 0 5 0
107 0 219 145 0 0 6 0
108 0 221 144 0 0 0 0
108 0 221 144 0 0 1 0
108 0 221 144 0 0 2 0
108 0 221 144 0 0 3 0
108 0 221 144 0 0 4 0
108 0 221 144 0 0 5 0
108 0 221 144 0 0 6 0
109 0 223 142 0 0 0 0
109 0 223 142 0 0 1 0
109 0 223 142 0 0 2 0
109 0 223 142 0 0 3 0
109 0 223 142 0 0 4 0
109 0 223 142 0 0 5 0
109 0 223 142 0 0 6 0
110 0 225 141 0 0 0 0
110 0 225 141 0 0 1 0
110 0 225 141 0 0 2 0
110 0 225 141 0 0 3 0
110 0 225 141 0 0 4 0
110 0 225 141 0 0 5 0
110 0 225 141 0 0 6 0
111 0 227 139 0 0 0 0
111 0 227 139 0 0 1 0
111 0 227 139 0 0 2 0
111 0 227 139 0 0 3 0
111 0 227 139 0 0 4 0
111 0 227 139 0 0 5 0
111 0 227 139 0 0 6 0
112 0 229 138 0 0 0 0
112 0 229 138 0 0 1 0
112 0 229 138 0 0 2 0
112 0 229 138 0 0 3 0
112 0 229 138 0 0 4 0
112 0 229 138 0 0 5 0
112 0 229 138 0 0 6 0
113 0 231 136 0 0 0 0
113 0 231 136 0 0 1 0
113 0 231 136 0 0 2 0
113 0 231 136 0 0 3 0
113 0 231 136 0 0 4 0
113 0 231 136 0 0 5 0
113 0 231 136 0 0 6 0
114 0 233 135 0 0 0 0
114 0 233 135 0 0 1 0
114 0 233 135 0 0 2 0
114 0 233 135 0 0 3 0
114 0 233 135 0 0 4 0
114 0 233 135 0 0 5 0
114 0 233 135 0 0 6 0
115 0 235 133 0 0 0 0
115 0 235 133 0 0 1 0
115 0 235 133 0 0 2 0
115 0 235 133 0 0 3 0
115 0 235 133 0 0 4 0
115 0 235 133 0 0 5 0
115 0 235 133 0 0 6 0
116 0 237 132 0 0 0 0
116 0 237 132 0 0 1 0
116 0 237 132 0 0 2 0
116 0 237 132 0 0 3 0
116 0 237 132 0 0 4 0
116 0 237 132 0 0 5 0
116 0 237 132 0 0 6 0
117 0 239 130 0 0 0 0
117 0 239 130 0 0 1 0
117 0 239 130 0 0 2 0
117 0 239 130 0 0 3 0
117 0 239 130 0 0 4 0
117 0 239 130 0 0 5 0
117 0 239 130 0 0 6 0
118 0 241 129 0 0 0 0
118 0 241 129 0 0 1 0
118 0 241 129 0 0 2 0
118 0 241 129 0 0 3 0
118 0 241 129 0 0 4 0
118 0 241 129 0 0 5 0
118 0 241 129 0 0 6 0
119 0 243 127 0 0 0 0
119 0 243 127 0 0 1 0
119 0 243 127 0 0 2 0
119 0 243 127 0 0 3 0
119 0 243 127 0 0 4 0
119 0 243 127 0 0 5 0
119 0 243 127 0 0 6 0
120 0 245 126 0 0 0 0
120 0 245 126 0 0 1 0
120 0 245 126 0 0 2 0
120 0 245 126 0 0 3 0
120 0 245 126 0 0 4 0
120 0 245 126 0 0 5 0
120 0 245 126 0 0 6 0
121 0 247 124 0 0 0 0
121 0 247 124 0 0 1 0
121 0 247 124 0 0 2 0
121 0 247 124 0 0 3 0
121 0 247 124 0 0 4 0
121 0 247 124 0 0 5 0
121 0 247 124 0 0 6 0
122 0 249 123 0 0 0 0
122 0 249 123 0 0 1 0
122 0 249 123 0 0 2 0
122 0 249 123 0 0 3 0
122 0 249 123 0 0 4 0
122 0 249 123 0 0 5 0
122 0 249 123 0 0 6 0
123 0 251 121 0 0 0 0
123 0 251 121 0 0 1 0
123 0 251 121 0 0 2 0
123 0 251 121 0 0 3 0
123 0 251 121 0 0 4 0
123 0 251 121 0 0 5 0
123 0 251 121 0 0 6 0
124 0 253 120 0 0 0 0
124 0 253 120 0 0 1 0
124 0 253 120 0 0 2 0
124 0 253 120 0 0 3 0
124 0 253 120 0 0 4 0
124 0 253 120 0 0 5 0
124 0 253 120 0 0 6 0
125 0 255 118 0 0 0 0
125 0 255 118 0 0 1 0
125 0 255 118 0 0 2 0
125 0 255 118 0 0 3 0
125 0 255 118 0 0 4 0
125 0 255 118 0 0 5 0
125 0 255 118 0 0 6 0
126 0 256 117 0 0 0 0
126 0 256 117 0 0 1 0
126 0 256 117 0 0 2 0
126 0 256 117 0 0 3 0
126 0 256 117 0 0 4 0
126 0 256 117 0 0 5 0
126 0 256 117 0 0 6 0
127 0 256 115 0 0 0 0
127 0 256 115 0 0 1 0
127 0 256 115 0 0 2 0
127 0 256 115 0 0 3 0
127 0 256 115 0 0 4 0
127 0 256 115 0 0 5 0
127 0 256 115 0 0 6 0
128 0 256 114 0 0 0 0
128 0 256 114 0 0 1 0
128 0 256 114 0 0 2 0
128 0 256 114 0 0 3 0
128 0 256 114 0 0 4 0
128 0 256 114 0 0 5 0
128 0 256 114 0 0 6 0
129 0 256 112 0 0 0 0
129 0 256 112 0 0 1 0
129 0 256 112 0 0 2 0
129 0 256 112 0 0 3 0
129 0 256 112 0 0 4 0
129 0 256 112 0 0 5 0
129 0 256 112 0 0 6 0
130 4 256 111 0 0 0 0
130 4 256 111 0 0 1 0
130 4 256 111 0 0 2 0
130 4 256 111 0 0 3 0
130 4 256 111 0 0 4 0
130 4 256 111 0 0 5 0
130 4 256 111 0 0 6 0
131 7 256 109 0 0 0 0
131 7 256 109 0 0 1 0
131 7 256 109 0 0 2 0
131 7 256 109 0 0 3 0
131 7 256 109 0 0 4 0
131 7 256 109 0 0 5 0
131 7 256 109 0 0 6 0
132 11 256 108 0 0 0 0
132 11 256 108 0 0 1 0
132 11 256 108 0 0 2 0
132 11 256 108 0 0 3 0
132 11 256 108 0 0 4 0
132 11 256 108 0 0 5 0
132 11 256 108 0 0 6 0
133 14 256 106 0 0 0 0
133 14 256 106 0 0 1 0
133 14 256 106 0 0 2 0
133 14 256 106 0 0 3 0
133 14 256 106 0 0 4 0
133 14 256 106 0 0 5 0
133 14 256 106 0 0 6 0
134 18 256 105 0 0 0 0
134 18 256 105 0 0 1 0
134 18 256 105 0 0 2 0
134 18 256 105 0 0 3 0
134 18 256 105 0 0 4 0
134 18 256 105 0 0 5 0
134 18 256 105 0 0 6 0
135 21 256 103 0 0 0 0
135 21 256 103 0 0 1 0
135 21 256 103 0 0 2 0
135 21 256 103 0 0 3 0
135 21 256 103 0 0 4 0
135 21 256 103 0 0 5 0
135 21 256 103 0 0 6 0
136 25 256 102 0 0 0 0
136 25 256 102 0 0 1 0
136 25 256 102 0 0 2 0
136 25 256 102 0 0 3 0
136 25 256 102 0 0 4 0
136 25 256 102 0 0 5 0
136 25 256 102 0 0 6 0
137 28 256 100 0 0 0 0
137 28 256 100 0 0 1 0
137 28 256 100 0 0 2 0
137 28 256 100 0 0 3 0
137 28 256 100 0 0 4 0
137 28 256 100 0 0 5 0
137 28 256 100 0 0 6 0
138 31 256 99 0 0 0 0
138 31 256 99 0 0 1 0
138 31 256 99 0 0 2 0
138 31 256 99 0 0 3 0
138 31 256 99 0 0 4 0
138 31 256 99 0 0 5 0
138 31 256 99 0 0 6 0
139 35 256 97 0 0 0 0
139 35 256 97 0 0 1 0
139 35 256 97 0 0 2 0
139 35 256 97 0 0 3 0
139 35 256 97 0 0 4 0
139 35 256 97 0 0 5 0
139 35 256 97 0 0 6 0
140 38 256 96 0 0 0 0
140 38 256 96 0 0 1 0
140 38 256 96 0 0 2 0
140 38 256 96 0 0 3 0
140 38 256 96 0 0 4 0
140 38 256 96 0 0 5 0
140 38 256 96 0 0 6 0
141 42 256 94 0 0 0 0
141 42 256 94 0 0 1 0
141 42 256 94 0 0 2 0
141 42 256 94 0 0 3 0
141 42 256 94 0 0 4 0
141 42 256 94 0 0 5 0
141 42 256 94 0 0 6 0
142 45 256 93 0 0 0 0
142 45 256 93 0 0 1 0
142 45 256 93 0 0 2 0
142 45 256 93 0 0 3 0
142 45 256 93 0 0 4 0
142 45 256 93 0 0 5 0
142 45 256 93 0 0 6 0
143 49 256 91 0 0 0 0
143 49 256 91 0 0 1 0
143 49 256 91 0 0 2 0
143 49 256 91 0 0 3 0
143 49 256 91 0 0 4 0
143 49 256 91 0 0 5 0
143 49 256 91 0 0 6 0
144 52 256 89 0 0 0 0
144 52 256 89 0 0 1 0
144 52 256 89 0 0 2 0
144 52 256 89 0 0 3 0
144 52 256 89 0 0 4 0
144 52 256 89 0 0 5 0
144 52 256 89 0 0 6 0
145 56 256 88 0 0 0 0
145 56 256 88 0 0 1 0
145 56 256 88 0 0 2 0
145 56 256 88 0 0 3 0
145 56 256 88 0 0 4 0
145 56 256 88 0 0 5 0
145 56 256 88 0 0 6 0
146 59 256 86 0 0 0 0
146 59 256 86 0 0 1 0
146 59 256 86 0 0 2 0
146 59 256 86 0 0 3 0
146 59 256 86 0 0 4 0
146 59 256 86 0 0 5 0
146 59 256 86 0 0 6 0
147 63 256 85 0 0 0 0
147 63 256 85 0 0 1 0
147 63 256 85 0 0 2 0
147 63 256 85 0 0 3 0
147 63 256 85 0 0 4 0
147 63 256 85 0 0 5 0
147 63 256 85 0 0 6 0
148 66 256 83 0 0 0 0
148 66 256 83 0 0 1 0
148 66 256 83 0 0 2 0
148 66 256 83 0 0 3 0
148 66 256 83 0 0 4 0
148 66 256 83 0 0 5 0
148 66 256 83 0 0 6 0
149 69 256 82 0 0 0 0
149 69 256 82 0 0 1 0
149 69 256 82 0 0 2 0
149 69 256 82 0 0 3 0
149 69 256 82 0 0 4 0
149 69 256 82 0 0 5 0
149 69 256 82 0 0 6 0
150 73 256 80 0 0 0 0
150 73 256 80 0 0 1 0
150 73 256 80 0 0 2 0
150 73 256 80 0 0 3 0
150 73 256 80 0 0 4 0
150 73 256 80 0 0 5 0
150 73 256 80 0 0 6 0
151 76 256 79 0 0 0 0
151 76 256 79 0 0 1 0
151 76 256 79 0 0 2 0
151 76 256 79 0 0 3 0
151 76 256 79 0 0 4 0
151 76 256 79 0 0 5 0
151 76 256 79 0 0 6 0
152 80 256 77 0 0 0 0
152 80 256 77 0 0 1 0
152 80 256 77 0 0 2 0
152 80 256 77 0 0 3 0
152 80 256 77 0 0 4 0
152 80 256 77 0 0 5 0
152 80 256 77 0 0 6 0
153 83 256 76 0 0 0 0
153 83 256 76 0 0 1 0
153 83 256 76 0 0 2 0
153 83 256 76 0 0 3 0
153 83 256 76 0 0 4 0
153 83 256 76 0 0 5 0
153 83 256 76 0 0 6 0
154 87 256 74 0 0 0 0
154 87 256 74 0 0 1 0
154 87 256 74 0 0 2 0
154 87 256 74 0 0 3 0
154 87 256 74 0 0 4 0
154 87 256 74 0 0 5 0
154 87 256 74 0 0 6 0
155 90 256 73 0 0 0 0
155 90 256 73 0 0 1 0
155 90 256 73 0 0 2 0
155 90 256 73 0 0 3 0
155 90 256 73 0 0 4 0
155 90 256 73 0 0 5 0
155 90 256 73 0 0 6 0
156 94 256 71 0 0 0 0
156 94 256 71 0 0 1 0
156 94 256 71 0 0 2 0
156 94 256 71 0 0 3 0
156 94 256 71 0 0 4 0
156 94 256 71 0 0 5 0
156 94 256 71 0 0 6 0
157 97 256 70 0 0 0 0
157 97 256 70 0 0 1 0
157 97 256 70 0 0 2 0
157 97 256 70 0 0 3 0
157 97 256 70 0 0 4 0
157 97 256 70 0 0 5 0
157 97 256 70 0 0 6 0
158 101 256 68 0 0 0 0
158 101 256 68 0 0 1 0
158 101 256 68 0 0 2 0
158 101 256 68 0 0 3 0
158 101 256 68 0 0 4 0
158 101 256 68 0 0 5 0
158 101 256 68 0 0 6 0
159 104 256 67 0 0 0 0
159 104 256 67 0 0 1 0
159 104 256 67 0 0 2 0
159 104 256 67 0 0 3 0
159 104 256 67 0 0 4 0
159 104 256 67 0 0 5 0
159 104 256 67 0 0 6 0
160 107 256 65 0 0 0 0
160 107 256 65 0 0 1 0
160 107 256 65 0 0 2 0
160 107 256 65 0 0 3 0
160 107 256 65 0 0 4 0
160 107 256 65 0 0 5 0
160 107 256 65 0 0 6 0
161 111 256 64 0 0 0 0
161 111 256 64 0 0 1 0
161 111 256 64 0 0 2 0
161 111 256 64 0 0 3 0
161 111 256 64 0 0 4 0
161 111 256 64 0 0 5 0
161 111 256 64 0 0 6 0
162 114 256 62 0 0 0 0
162 114 256 62 0 0 1 0
162 114 256 62 0 0 2 0
162 114 256 62 0 0 3 0
162 114 256 62 0 0 4 0
162 114 256 62 0 0 5 0
162 114 256 62 0 0 6 0
163 118 256 61 0 0 0 0
163 118 256 61 0 0 1 0
163 118 256 61 0 0 2 0
163 118 256 61 0 0 3 0
163 118 256 61 0 0 4 0
163 118 256 61 0 0 5 0
163 118 256 61 0 0 6 0
164 121 256 59 0 0 0 0
164 121 256 59 0 0 1 0
164 121 256 59 0 0 2 0
164 121 256 59 0 0 3 0
164 121 256 59 0 0 4 0
164 121 256 59 0 0 5 0
164 121 256 59 0 0 6 0
165 125 256 58 0 0 0 0
165 125 256 58 0 0 1 0
165 125 256 58 0 0 2 0
165 125 256 58 0 0 3 0
165 125 256 58 0 0 4 0
165 125 256 58 0 0 5 0
165 125 256 58 0 0 6 0
166 128 256 56 0 0 0 0
166 128 256 56 0 0 1 0
166 128 256 56 0 0 2 0
166 128 256 56 0 0 3 0
166 128 256 56 0 0 4 0
166 128 256 56 0 0 5 0
166 128 256 56 0 0 6 0
167 132 256 55 0 0 0 0
167 132 256 55 0 0 1 0
167 132 256 55 0 0 2 0
167 132 256 55 0 0 3 0
167 132 256 55 0 0 4 0
167 132 256 55 0 0 5 0
167 132 256 55 0 0 6 0
168 135 256 53 0 0 0 0
168 135 256 53 0 0 1 0
168 135 256 53 0 0 2 0
168 135 256 53 0 0 3 0
168 135 256 53 0 0 4 0
168 135 256 53 0 0 5 0
168 135 256 53 0 0 6 0
169 139 256 52 0 0 0 0
169 139 256 52 0 0 1 0
169 139 256 52 0 0 2 0
169 139 256 52 0 0 3 0
169 139 256 52 0 0 4 0
169 139 256 52 0 0 5 0
169 139 256 52 0 0 6 0
170 142 256 50 0 0 0 0
170 142 256 50 0 0 1 0
170 142 256 50 0 0 2 0
170 142 256 50 0 0 3 0
170 142 256 50 0 0 4 0
170 142 256 50 0 0 5 0
170 142 256 50 0 0 6 0
171 145 256 49 0 0 0 0
171 145 256 49 0 0 1 0
171 145 256 49 0 0 2 0
171 145 256 49 0 0 3 0
171 145 256 49 0 0 4 0
171 145 256 49 0 0 5 0
171 145 256 49 0 0 6 0
172 149 256 47 0 0 0 0
172 149 256 47 0 0 1 0
172 149 256 47 0 0 2 0
172 149 256 47 0 0 3 0
172 149 256 47 0 0 4 0
172 149 256 47 0 0 5 0
172 149 256 47 0 0 6 0
173 152 256 46 0 0 0 0
173 152 256 46 0 0 1 0
173 152 256 46 0 0 2 0
173 152 256 46 0 0 3 0
173 152 256 46 0 0 4 0
173 152 256 46 0 0 5 0
173 152 256 46 0 0 6 0
174 156 256 44 0 0 0 0
174 156 256 44 0 0 1 0
174 156 256 44 0 0 2 0
174 156 256 44 0 0 3 0
174 156 256 44 0 0 4 0
174 156 256 44 0 0 5 0
174 156 256 44 0 0 6 0
175 159 256 43 0 0 0 0
175 159 256 43 0 0 1 0
175 159 256 43 0 0 2 0
175 159 256 43 0 0 3 0
175 159 256 43 0 0 4 0
175 159 256 43 0 0 5 0
175 159 256 43 0 0 6 0
176 163 256 41 0 0 0 0
176 163 256 41 0 0 1 0
176 163 256 41 0 0 2 0
176 163 256 41 0 0 3 0
176 163 256 41 0 0 4 0
176 163 256 41 0 0 5 0
176 163 256 41 0 0 6 0
177 166 256 40 0 0 0 0
177 166 256 40 0 0 1 0
177 166 256 40 0 0 2 0
177 166 256 40 0 0 3 0
177 166 256 40 0 0 4 0
177 166 256 40 0 0 5 0
177 166 256 40 0 0 6 0
178 170 256 38 0 0 0 0
178 170 256 38 0 0 1 0
178 170 256 38 0 0 2 0
178 170 256 38 0 0 3 0
178 170 256 38 0 0 4 0
178 170 256 38 0 0 5 0
178 170 256 38 0 0 6 0
179 173 256 37 0 0 0 0
179 173 256 37 0 0 1 0
179 173 256 37 0 0 2 0
179 173 256 37 0 0 3 0
179 173 256 37 0 0 4 0
179 173 256 37 0 0 5 0
179 173 256 37 0 0 6 0
180 177 256 35 0 0 0 0
180 177 256 35 0 0 1 0
180 177 256 35 0 0 2 0
180 177 256 35 0 0 3 0
180 177 256 35 0 0 4 0
180 177 256 35 0 0 5 0
180 177 256 35 0 0 6 0
181 180 256 34 0 0 0 0
181 180 256 34 0 0 1 0
181 180 256 34 0 0 2 0
181 180 256 34 0 0 3 0
181 180 256 34 0 0 4 0
181 180 256 34 0 0 5 0
181 180 256 34 0 0 6 0
182 183 256 32 0 0 0 0
182 183 256 32 0 0 1 0
182 183 256 32 0 0 2 0
182 183 256 32 0 0 3 0
182 183 256 32 0 0 4 0
182 183 256 32 0 0 5 0
182 183 256 32 0 0 6 0
183 187 256 31 0 0 0 0
183 187 256 31 0 0 1 0
183 187 256 31 0 0 2 0
183 187 256 31 0 0 3 0
183 187 256 31 0 0 4 0
183 187 256 31 0 0 5 0
183 187 256 31 0 0 6 0
184 190 256 29 0 0 0 0
184 190 256 29 0 0 1 0
184 190 256 29 0 0 2 0
184 190 256 29 0 0 3 0
184 190 256 29 0 0 4 0
184 190 256 29 0 0 5 0
184 190 256 29 0 0 6 0
185 194 256 28 0 0 0 0
185 194 256 28 0 0 1 0
185 194 256 28 0 0 2 0
185 194 256 28 0 0 3 0
185 194 256 28 0 0 4 0
185 194 256 28 0 0 5 0
185 194 256 28 0 0 6 0
186 197 256 26 0 0 0 0
186 197 256 26 0 0 1 0
186 197 256 26 0 0 2 0
186 197 256 26 0 0 3 0
186 197 256 26 0 0 4 0
186 197 256 26 0 0 5 0
186 197 256 26 0 0 6 0
187 201 256 25 0 0 0 0
187 201 256 25 0 0 1 0
187 201 256 25 0 0 2 0
187 201 256 25 0 0 3 0
187 201 256 25 0 0 4 0
187 201 256 25 0 0 5 0
187 201 256 25 0 0 6 0
188 204 256 23 0 0 0 0
188 204 256 23 0 0 1 0
188 204 256 23 0 0 2 0
188 204 256 23 0 0 3 0
188 204 256 23 0 0 4 0
188 204 256 23 0 0 5 0
188 204 256 23 0 0 6 0
189 208 256 22 0 0 0 0
189 208 256 22 0 0 1 0
189 208 256 22 0 0 2 0
189 208 256 22 0 0 3 0
189 208 256 22 0 0 4 0
189 208 256 22 0 0 5 0
189 208 256 22 0 0 6 0
190 211 256 20 0 0 0 0
190 211 256 20 0 0 1 0
190 211 256 20 0 0 2 0
190 211 256 20 0 0 3 0
190 211 256 20 0 0 4 0
190 211 256 20 0 0 5 0
190 211 256 20 0 0 6 0
191 215 256 19 0 0 0 0
191 215 256 19 0 0 1 0
191 215 256 19 0 0 2 0
191 215 256 19 0 0 3 0
191 215 256 19 0 0 4 0
191 215 256 19 0 0 5 0
191 215 256 19 0 0 6 0
192 218 256 17 0 0 0 0
192 218 256 17 0 0 1 0
192 218 256 17 0 0 2 0
192 218 256 17 0 0 3 0
192 218 256 17 0 0 4 0
192 218 256 17 0 0 5 0
192 218 256 17 0 0 6 0
193 221 256 16 0 0 0 0
193 221 256 16 0 0 1 0
193 221 256 16 0 0 2 0
193 221 256 16 0 0 3 0
193 221 256 16 0 0 4 0
193 221 256 16 0 0 5 0
193 221 256 16 0 0 6 0
194 225 256 14 0 0 0 0
194 225 256 14 0 0 1 0
194 225 256 14 0 0 2 0
194 225 256 14 0 0 3 0
194 225 256 14 0 0 4 0
194 225 256 14 0 0 5 0
194 225 256 14 0 0 6 0
195 228 256 13 0 0 0 0
195 228 256 13 0 0 1 0
195 228 256 13 0 0 2 0
195 228 256 13 0 0 3 0
195 228 256 13 0 0 4 0
195 228 256 13 0 0 5 0
195 228 256 13 0 0 6 0
196 232 256 11 0 0 0 0
196 232 256 11 0 0 1 0
196 232 256 11 0 0 2 0
196 232 256 11 0 0 3 0
196 232 256 11 0 0 4 0
196 232 256 11 0 0 5 0
196 232 256 11 0 0 6 0
197 235 256 10 0 0 0 0
197 235 256 10 0 0 1 0
197 235 256 10 0 0 2 0
197 235 256 10 0 0 3 0
197 235 256 10 0 0 4 0
197 235 256 10 0 0 5 0
197 235 256 10 0 0 6 0
198 239 256 8 0 0 0 0
198 239 256 8 0 0 1 0
198 239 256 8 0 0 2 0
198 239 256 8 0 0 3 0
198 239 256 8 0 0 4 0
198 239 256 8 0 0 5 0
198 239 256 8 0 0 6 0
199 242 256 7 0 0 0 0
199 242 256 7 0 0 1 0
199 242 256 7 0 0 2 0
199 242 256 7 0 0 3 0
199 242 256 7 0 0 4 0
199 242 256 7 0 0 5 0
199 242 256 7 0 0 6 0
200 246 256 5 0 0 0 0
200 246 256 5 0 0 1 0
200 246 256 5 0 0 2 0
200 246 256 5 0 0 3 0
200 246 256 5 0 0 4 0
200 246 256 5 0 0 5 0
200 246 256 5 0 0 6 0
201 249 256 4 0 0 0 0
201 249 256 4 0 0 1 0
201 249 256 4 0 0 2 0
201 249 256 4 0 0 3 0
201 249 256 4 0 0 4 0
201 249 256 4 0 0 5 0
201 249 256 4 0 0 6 0
202 0 256 259 0 0 0 0
202 0 256 259 0 0 1 0
202 0 256 259 0 0 2 0
202 0 256 259 0 0 3 0
202 0 256 259 0 0 4 0
202 0 256 259 0 0 5 0
202 0 256 259 0 0 6 0
