# frogtail local sign compression: T, then kv kc for t = 1..T (margin 2, window 3, s2_a.npz s2_b.npz s2_c.npz)
556
258 7
257 8
258 9
258 10
258 11
258 12
258 13
258 14
258 15
258 16
258 17
257 18
258 19
257 20
257 21
257 22
257 23
257 24
257 25
257 26
257 27
257 27
257 27
257 27
256 28
255 29
254 29
254 30
254 31
253 32
253 33
253 34
253 35
252 36
251 36
251 36
250 36
250 36
250 36
250 36
250 36
250 36
250 36
250 37
249 37
248 38
247 38
246 39
245 40
244 41
244 42
244 42
243 42
243 43
243 43
243 44
243 45
243 46
243 47
243 48
242 48
241 48
240 48
239 48
238 48
237 48
237 49
236 50
235 51
235 51
235 51
235 51
234 52
233 53
233 54
233 55
232 55
231 56
230 56
229 56
229 56
229 57
229 58
229 59
228 60
227 61
227 62
227 63
226 63
226 63
226 63
225 63
225 64
224 64
223 64
222 64
222 64
221 65
221 65
221 66
220 67
220 67
220 68
220 69
220 69
220 69
220 69
219 70
218 71
217 72
216 73
215 74
214 75
213 75
213 75
213 75
213 76
213 76
212 77
212 78
212 78
211 79
211 80
211 80
211 80
210 81
209 81
208 81
208 81
207 82
206 83
206 83
206 84
206 85
205 85
205 85
205 86
205 86
204 87
203 87
203 87
203 88
202 88
201 89
200 90
199 91
199 92
199 92
199 93
198 93
197 94
196 94
196 95
196 96
196 97
195 97
194 97
194 98
193 98
192 99
192 100
192 101
192 101
191 101
190 102
190 102
190 102
190 103
190 104
189 105
188 106
187 106
186 106
185 106
184 106
184 106
184 107
183 108
183 109
183 109
183 109
182 110
182 111
181 111
181 111
181 111
181 112
180 113
179 114
179 114
179 114
179 115
178 116
177 116
176 117
175 118
175 118
175 119
174 119
174 119
174 119
174 120
174 121
173 121
172 122
172 123
171 124
170 125
170 125
170 125
170 125
170 125
169 126
169 127
168 127
167 127
166 128
165 128
164 129
164 130
164 131
164 131
163 132
162 132
162 132
161 132
160 133
159 134
160 134
159 135
159 136
158 137
158 138
158 138
157 139
157 139
157 139
156 139
155 139
154 139
154 140
154 141
154 141
153 142
152 143
151 144
150 144
150 144
150 145
150 146
149 147
149 147
148 148
147 148
147 148
147 149
147 149
147 149
147 150
147 150
147 151
146 151
146 152
145 153
144 154
144 154
143 154
143 154
143 155
142 156
141 157
141 158
141 159
140 160
139 160
138 160
138 161
138 162
138 163
138 163
138 163
137 163
136 163
135 163
134 164
133 165
133 166
132 166
132 166
132 167
132 167
132 167
131 168
130 169
129 170
128 171
127 172
127 173
127 173
127 173
127 174
127 175
127 175
127 175
127 175
126 176
125 176
125 176
124 177
123 178
123 178
122 179
121 179
120 179
119 180
118 180
118 181
118 182
118 183
118 184
118 185
117 185
116 186
115 187
114 188
114 189
114 190
113 190
112 190
112 191
111 191
111 191
111 191
111 191
111 191
111 192
111 193
111 193
110 193
109 193
108 193
107 194
106 194
106 194
106 195
106 195
105 196
104 197
103 197
102 198
101 199
101 199
101 199
100 200
99 201
99 202
99 202
98 203
98 204
98 205
98 205
97 205
96 206
96 206
95 207
94 207
94 207
93 208
93 208
93 209
92 210
92 211
92 211
91 211
91 211
90 211
89 211
89 212
88 213
88 214
87 215
87 216
87 216
87 217
87 218
86 219
85 220
84 220
84 220
84 220
84 220
84 221
83 221
82 221
81 221
81 222
80 223
80 224
79 224
78 224
78 225
77 226
76 227
76 227
76 227
76 227
76 227
75 228
74 229
74 229
74 230
73 230
73 231
73 232
73 233
73 233
72 233
72 233
71 234
70 235
69 236
69 236
69 237
67 238
67 238
67 238
67 238
66 239
65 240
64 240
64 240
64 241
64 242
64 243
63 244
63 245
62 246
61 247
61 247
61 247
60 247
59 247
59 247
59 247
59 247
58 248
57 249
57 249
56 250
55 251
55 251
55 251
54 252
54 253
53 253
53 253
52 254
51 255
51 255
51 255
50 256
50 257
50 257
49 258
48 259
47 260
48 260
47 261
47 261
47 261
46 262
45 262
46 262
45 263
44 264
44 264
44 264
44 264
41 266
43 265
40 267
42 266
41 267
40 268
40 268
40 268
39 269
38 270
38 270
38 270
35 273
35 273
35 273
36 272
35 273
34 274
34 274
34 274
31 277
33 275
32 276
31 277
31 277
30 278
29 279
30 278
29 279
28 280
28 280
27 281
26 282
26 282
26 282
25 283
24 284
24 284
24 284
23 285
23 285
22 286
22 286
21 287
20 288
21 287
21 287
19 289
20 288
19 289
18 290
17 291
17 291
16 292
16 292
15 293
15 293
15 293
15 293
13 295
13 295
12 296
12 296
11 297
10 298
10 298
9 299
9 299
8 300
8 300
8 300
7 301
7 301
7 301
5 303
4 303
4 303
4 303
