# frogstrip LSC: T, then kv kc ksv ksc kev kec for t = 1..T (margin 2, window 3)
300
259 16 259 17 259 17
260 20 259 21 259 21
260 24 259 24 259 25
260 27 259 24 259 27
260 27 259 24 259 27
260 27 258 25 259 27
260 28 258 26 259 28
259 28 257 28 259 30
259 31 256 28 259 31
259 31 256 30 258 32
258 33 255 31 258 33
258 34 254 31 257 34
257 34 254 32 256 34
256 35 253 33 255 35
255 36 253 35 254 36
254 36 252 37 253 39
253 40 251 37 252 40
252 40 250 37 252 40
252 40 250 40 251 40
251 43 249 40 250 43
250 43 248 40 249 43
249 43 248 42 249 43
249 45 247 42 248 45
248 45 246 43 247 45
247 46 245 44 246 46
246 47 244 45 245 47
245 48 244 47 244 48
244 48 243 47 243 51
243 51 242 48 242 51
243 51 241 50 242 51
242 51 240 53 240 54
241 56 239 53 240 56
240 56 238 53 239 56
239 56 238 54 238 56
238 57 237 54 238 58
238 58 236 54 237 58
237 58 235 56 236 58
236 59 234 57 235 60
235 60 234 58 235 60
235 61 233 59 234 61
234 62 232 63 233 63
233 63 232 63 232 67
232 67 231 63 231 67
231 67 230 64 230 67
230 67 229 68 229 68
229 71 228 68 228 71
228 71 227 68 228 71
228 71 226 68 227 71
227 71 225 68 226 71
226 71 225 68 225 71
225 71 223 70 224 72
224 72 222 70 223 74
223 74 222 74 222 74
223 75 221 74 222 78
222 78 220 74 221 78
221 78 220 74 220 78
220 78 219 76 219 78
220 79 219 76 219 79
219 79 217 79 218 80
218 80 217 80 217 83
217 83 216 82 216 84
216 85 215 82 216 85
216 85 213 82 215 85
215 85 212 82 213 85
213 85 212 84 212 86
213 86 212 85 212 88
213 88 212 87 212 88
211 89 210 89 210 91
210 92 209 89 210 92
210 92 209 89 209 92
208 92 207 90 208 92
208 93 206 92 206 93
207 93 206 92 206 96
205 96 204 93 205 96
205 96 203 94 204 97
204 97 203 95 203 97
203 98 201 98 202 99
203 101 201 98 202 101
202 101 200 98 200 101
200 101 199 100 199 101
199 103 198 103 199 103
199 103 198 103 198 107
199 107 196 104 198 107
198 107 196 107 197 108
197 110 196 107 196 110
196 110 194 107 195 110
195 110 193 107 194 110
194 110 193 107 193 110
193 110 192 107 192 110
192 110 191 108 192 110
192 110 190 112 191 112
191 114 190 116 190 116
190 118 188 116 189 119
189 119 187 116 188 120
188 120 186 116 187 120
187 120 186 116 187 120
187 120 185 117 186 120
186 120 184 117 185 120
185 120 183 118 184 120
184 121 182 118 183 121
183 121 182 120 182 121
182 123 180 121 181 124
181 124 180 121 180 125
181 125 179 125 180 125
180 128 179 125 179 128
179 128 178 125 178 128
178 128 177 126 177 128
177 128 176 128 176 130
176 131 174 129 175 131
175 132 173 129 174 132
174 132 173 131 173 132
173 134 172 131 172 134
173 134 172 132 172 134
171 134 170 133 170 136
170 136 169 133 169 136
170 136 169 135 169 136
169 138 168 135 168 138
168 138 166 139 167 139
167 142 166 139 167 142
167 142 165 139 166 142
166 142 164 140 165 142
165 143 163 141 164 143
164 144 163 142 163 145
163 145 161 145 162 146
162 148 161 145 161 148
161 148 160 145 160 148
160 148 159 149 159 149
159 149 158 149 158 153
158 153 157 149 157 153
157 153 155 150 156 153
156 153 155 150 155 154
155 154 154 150 154 154
155 154 154 154 154 154
153 157 152 154 152 157
152 157 151 154 152 157
152 157 151 156 152 158
152 159 150 156 151 159
151 159 149 156 150 159
150 159 148 160 149 160
149 160 148 161 148 164
148 161 147 161 148 164
148 164 145 164 147 167
147 167 144 166 146 169
146 169 143 166 144 169
144 169 143 166 144 169
144 169 142 166 143 169
143 169 141 166 141 169
142 169 140 166 141 169
141 169 140 167 140 170
140 170 138 168 139 171
139 171 138 170 138 172
138 173 137 171 138 173
138 174 137 172 137 174
137 175 135 173 136 175
136 176 135 173 135 176
135 176 133 176 134 177
134 176 133 177 133 180
133 180 132 177 133 180
133 180 131 179 132 182
132 182 131 181 131 184
131 184 130 181 130 184
130 184 130 181 130 184
130 184 129 182 129 184
129 185 127 183 129 186
129 186 127 184 128 187
128 187 127 185 127 188
127 188 125 186 125 188
125 189 125 186 125 189
125 189 122 188 124 189
124 191 122 189 123 191
123 191 121 189 122 192
122 192 121 191 121 193
121 194 118 192 120 195
120 195 118 193 119 196
119 196 117 194 118 197
118 197 117 195 117 198
117 198 115 196 116 199
116 199 114 197 115 199
115 200 114 197 114 200
114 200 113 199 113 200
113 202 112 199 113 202
113 202 112 200 112 202
111 203 110 201 110 204
110 204 109 201 110 204
110 204 109 202 109 205
109 205 108 204 108 207
108 207 106 205 107 208
107 208 105 205 107 208
107 208 104 206 106 209
106 209 104 207 105 210
105 210 103 208 104 211
104 211 103 209 103 212
103 212 103 209 103 212
103 212 100 211 101 214
101 214 99 213 99 216
99 216 98 214 98 217
98 217 98 214 98 217
98 217 97 215 97 218
97 218 96 216 96 219
96 219 96 216 96 219
96 219 94 218 94 221
94 221 93 219 93 222
93 222 92 220 92 223
92 223 92 220 92 223
92 223 91 221 91 224
91 224 90 222 90 225
90 225 89 223 89 226
89 226 89 223 89 226
89 226 87 225 87 228
87 228 86 226 86 229
86 229 85 227 85 230
85 230 83 229 83 232
83 232 82 230 82 233
82 233 81 231 81 234
81 234 81 231 81 234
81 234 80 232 80 235
80 235 79 233 79 236
79 236 78 234 78 237
78 237 76 236 76 239
76 239 75 237 75 240
75 240 75 237 75 240
75 240 73 239 73 242
73 242 73 239 73 242
73 242 72 240 72 243
72 243 72 240 72 243
72 243 71 241 71 244
71 244 70 242 70 245
70 245 69 243 69 246
69 246 68 244 68 247
68 247 65 247 65 250
65 250 65 247 65 250
65 250 65 247 65 250
65 250 65 247 65 250
65 250 64 248 64 251
64 251 63 249 63 252
63 252 62 250 62 253
62 253 61 251 61 254
61 254 60 252 60 255
60 255 59 253 59 256
59 256 59 253 59 256
59 256 57 255 57 258
57 258 56 256 56 259
56 259 54 258 54 261
54 261 53 259 53 262
53 262 52 260 52 263
52 263 51 261 51 264
51 264 50 262 50 265
50 265 49 263 49 266
49 266 49 263 49 266
49 266 48 264 48 267
48 267 47 265 47 268
47 268 46 266 46 269
46 269 44 268 44 271
44 271 44 268 44 271
44 271 43 269 43 272
43 272 42 270 42 273
42 273 42 270 42 273
42 273 41 271 41 274
41 274 40 272 40 275
40 275 39 273 39 276
39 276 38 274 38 277
38 277 37 275 37 278
37 278 36 276 36 279
36 279 36 276 36 279
36 279 34 278 34 281
34 281 33 279 33 282
33 282 33 279 33 282
33 282 31 281 31 284
31 284 31 281 31 284
31 284 30 282 30 285
30 285 29 283 29 286
29 286 28 284 28 287
28 287 28 284 28 287
28 287 26 286 26 289
26 289 25 287 25 290
25 290 24 288 24 291
24 291 23 289 23 292
23 292 22 290 22 293
22 293 20 292 20 295
20 295 20 292 20 295
20 295 19 293 19 296
19 296 19 293 19 296
19 296 17 295 17 298
17 298 16 296 16 299
16 299 16 296 16 299
16 299 15 297 15 300
15 300 14 298 14 301
14 301 13 299 13 302
13 302 13 299 13 302
13 302 12 300 12 303
12 303 10 302 10 305
10 305 10 302 10 305
10 305 10 302 10 305
10 305 10 302 10 305
10 305 9 303 9 306
9 306 8 304 8 307
8 307 8 304 8 307
8 307 7 305 7 308
7 308 7 304 7 308
7 307 8 301 8 307
