# frogtail schedule: W_A W_B T, then c[t] for t = 1..T+1 (value | cofactor boundary)
308 308 556
258 257 258 258 258 258 258 258 258 258 258 257 258 257 257 257 257 257 257 257
257 257 257 257 256 255 254 254 254 253 253 253 253 252 251 251 250 250 250 250
250 250 250 250 249 248 247 246 245 244 244 244 243 243 243 243 243 243 243 243
242 241 240 239 238 237 237 236 235 235 235 235 234 233 233 233 232 231 230 229
229 229 229 229 228 227 227 227 226 226 226 225 225 224 223 222 222 221 221 221
220 220 220 220 220 220 220 219 218 217 216 215 214 213 213 213 213 213 212 212
212 211 211 211 211 210 209 208 208 207 206 206 206 206 205 205 205 205 205 205
204 203 202 201 200 199 199 199 199 198 197 196 196 196 196 195 194 194 193 192
192 192 192 191 190 190 190 190 190 189 188 187 186 185 184 184 184 183 183 183
183 182 182 181 181 181 181 180 179 179 179 179 178 177 176 175 175 175 174 174
174 174 174 173 172 172 171 170 170 170 170 170 169 169 168 167 166 165 164 164
164 164 163 162 162 161 160 159 160 159 159 158 158 158 157 157 157 156 155 154
154 154 154 153 152 151 150 150 150 150 149 149 148 147 147 147 147 147 147 147
147 146 146 145 144 144 144 144 144 144 143 142 141 140 139 138 138 138 138 138
138 137 136 135 134 133 133 132 132 132 132 132 131 130 129 128 127 127 127 127
127 127 127 127 127 127 127 126 125 124 123 122 121 120 119 118 118 118 118 118
118 117 116 115 114 114 114 113 112 112 111 111 111 111 111 111 111 111 110 109
108 107 106 106 106 106 105 104 103 102 101 101 101 100 99 99 99 98 98 98
98 97 96 96 95 94 94 93 93 93 92 92 92 91 91 90 89 89 88 88
87 87 87 87 87 86 85 84 84 84 84 84 83 82 81 81 80 80 79 78
78 77 76 76 76 76 76 75 74 74 74 73 73 73 73 73 73 72 71 70
69 69 69 67 67 67 67 66 65 64 64 64 64 64 64 63 62 61 61 61
60 59 59 59 59 58 57 57 56 55 55 55 54 54 53 53 52 51 51 51
50 50 50 49 48 47 48 47 47 47 46 45 46 45 44 44 44 44 41 43
40 42 41 40 40 40 39 38 38 38 35 35 35 36 35 34 34 34 31 33
32 31 31 30 29 30 29 28 28 27 26 26 26 25 24 24 24 23 23 22
22 21 20 21 21 19 20 19 18 17 17 16 16 15 15 15 15 13 13 12
12 11 10 10 9 9 8 8 8 7 7 7 5 4 4 4 2
