# k t nlo nhi esw ead   (margin index k -> margin [0, 1, 2, 4]); from out/p1_n10M_s11_tick.txt
0 0 0 0 256 257
0 1 0 1 256 257
0 2 0 2 256 257
0 3 0 3 256 257
0 4 0 4 256 257
0 5 0 5 256 257
0 6 0 6 256 257
0 7 0 7 256 257
0 8 0 8 256 257
0 9 0 9 256 257
0 10 0 10 256 257
0 11 0 11 256 257
0 12 0 12 256 257
0 13 0 13 256 257
0 14 0 14 256 257
0 15 0 15 256 257
0 16 0 16 256 257
0 17 0 17 256 257
0 18 0 18 256 257
0 19 0 19 255 256
0 20 0 20 255 256
0 21 0 21 254 255
0 22 1 22 253 254
0 23 1 23 253 254
0 24 1 24 253 254
0 25 1 25 252 253
0 26 1 25 252 253
0 27 1 26 252 253
0 28 1 26 251 252
0 29 1 27 250 251
0 30 1 28 250 250
0 31 2 29 248 249
0 32 2 30 248 249
0 33 2 31 247 248
0 34 3 31 247 247
0 35 3 32 246 246
0 36 3 33 245 245
0 37 4 34 244 244
0 38 4 35 243 244
0 39 4 36 243 244
0 40 4 36 243 244
0 41 5 37 242 243
0 42 5 38 242 243
0 43 6 38 241 242
0 44 6 39 241 242
0 45 6 39 241 242
0 46 6 40 241 242
0 47 6 41 239 241
0 48 7 42 239 240
0 49 7 43 239 240
0 50 8 44 237 239
0 51 8 45 237 238
0 52 8 45 236 237
0 53 9 46 235 236
0 54 9 46 235 235
0 55 9 46 234 235
0 56 9 47 234 235
0 57 9 47 232 234
0 58 10 48 230 233
0 59 10 49 230 232
0 60 10 49 229 231
0 61 11 50 230 230
0 62 11 50 229 229
0 63 12 51 228 229
0 64 12 51 228 229
0 65 13 52 228 229
0 66 13 53 228 229
0 67 13 54 228 229
0 68 13 55 228 229
0 69 14 56 228 229
0 70 14 57 226 228
0 71 15 57 226 227
0 72 15 58 226 226
0 73 15 59 225 225
0 74 15 60 219 224
0 75 15 61 223 223
0 76 16 61 222 222
0 77 16 61 221 221
0 78 17 62 220 220
0 79 17 63 218 219
0 80 17 63 218 219
0 81 18 64 218 219
0 82 18 65 218 219
0 83 18 66 218 219
0 84 19 66 218 219
0 85 19 66 218 219
0 86 19 67 218 219
0 87 19 67 212 218
0 88 19 68 211 217
0 89 19 69 210 216
0 90 20 69 210 215
0 91 21 69 214 214
0 92 22 70 213 213
0 93 23 70 212 212
0 94 23 71 208 211
0 95 23 72 208 210
0 96 23 72 206 209
0 97 23 72 207 208
0 98 24 73 206 207
0 99 24 74 206 207
0 100 24 74 205 206
0 101 25 75 205 205
0 102 26 76 203 204
0 103 26 77 202 203
0 104 27 77 202 202
0 105 27 77 200 201
0 106 27 78 200 201
0 107 28 78 200 201
0 108 28 79 200 201
0 109 28 80 200 201
0 110 29 81 200 201
0 111 29 82 200 201
0 112 29 83 200 201
0 113 29 83 200 201
0 114 29 84 195 200
0 115 30 84 199 199
0 116 31 84 194 198
0 117 32 85 197 197
0 118 32 86 191 196
0 119 33 87 191 195
0 120 33 88 194 194
0 121 33 88 190 193
0 122 33 89 190 192
0 123 33 89 190 191
0 124 34 89 189 190
0 125 35 90 188 189
0 126 35 90 188 189
0 127 36 91 188 189
0 128 36 91 188 189
0 129 36 92 188 189
0 130 37 92 188 189
0 131 38 93 188 189
0 132 38 94 183 188
0 133 38 95 187 187
0 134 38 95 182 186
0 135 38 96 185 185
0 136 39 96 181 184
0 137 39 97 179 183
0 138 40 97 179 182
0 139 40 98 178 181
0 140 40 99 177 180
0 141 41 99 175 179
0 142 42 100 176 178
0 143 42 101 176 177
0 144 42 101 176 176
0 145 42 102 174 175
0 146 43 102 174 175
0 147 43 103 174 175
0 148 44 104 174 175
0 149 44 104 173 174
0 150 45 105 173 174
0 151 45 105 172 173
0 152 45 106 172 172
0 153 45 107 171 171
0 154 46 108 169 170
0 155 46 109 169 170
0 156 46 110 167 169
0 157 47 110 168 168
0 158 47 110 167 168
0 159 47 111 167 168
0 160 48 112 167 168
0 161 48 112 164 167
0 162 48 113 163 166
0 163 48 113 165 165
0 164 48 114 163 164
0 165 49 114 163 164
0 166 49 115 162 163
0 167 50 116 162 162
0 168 50 117 161 162
0 169 51 118 160 161
0 170 51 118 160 160
0 171 52 119 159 159
0 172 53 120 158 158
0 173 53 120 156 157
0 174 54 121 156 156
0 175 54 122 155 155
0 176 54 122 154 154
0 177 54 123 153 153
0 178 55 123 152 153
0 179 55 124 152 153
0 180 56 124 151 152
0 181 56 125 151 151
0 182 57 126 150 151
0 183 57 126 150 151
0 184 57 127 150 151
0 185 58 128 148 150
0 186 59 128 148 149
0 187 59 129 148 149
0 188 60 129 146 148
0 189 60 129 146 147
0 190 61 129 146 146
0 191 61 130 145 145
0 192 62 131 144 144
0 193 62 131 142 143
0 194 62 132 142 142
0 195 62 133 141 142
0 196 63 134 141 142
0 197 64 135 140 141
0 198 64 135 140 141
0 199 64 136 140 141
0 200 64 137 140 141
0 201 65 137 139 140
0 202 66 137 139 140
0 203 66 137 138 139
0 204 66 138 137 138
0 205 67 139 137 137
0 206 67 139 136 136
0 207 67 139 134 135
0 208 67 140 134 134
0 209 68 140 133 134
0 210 68 141 133 134
0 211 68 142 133 134
0 212 68 143 130 133
0 213 68 144 132 132
0 214 68 145 128 131
0 215 68 146 130 130
0 216 69 146 128 129
0 217 70 146 128 128
0 218 71 147 126 127
0 219 72 148 126 127
0 220 72 148 126 127
0 221 73 148 126 127
0 222 73 149 123 126
0 223 73 149 125 125
0 224 74 149 122 124
0 225 74 150 123 123
0 226 75 150 122 122
0 227 75 151 121 121
0 228 75 151 120 120
0 229 75 151 119 120
0 230 76 151 119 120
0 231 76 152 118 119
0 232 77 153 118 118
0 233 77 154 116 117
0 234 78 155 116 116
0 235 78 156 115 116
0 236 78 156 115 116
0 237 78 156 115 116
0 238 78 157 113 115
0 239 78 157 114 114
0 240 78 158 113 114
0 241 78 159 112 113
0 242 79 160 112 112
0 243 80 161 110 111
0 244 80 162 110 110
0 245 80 162 108 109
0 246 81 163 108 109
0 247 81 164 107 108
0 248 81 165 107 108
0 249 81 166 107 108
0 250 82 166 107 108
0 251 82 167 107 108
0 252 82 167 105 107
0 253 82 167 103 106
0 254 83 167 103 105
0 255 83 167 104 104
0 256 84 168 101 103
0 257 84 169 102 103
0 258 84 169 101 102
0 259 85 169 101 101
0 260 85 170 100 101
0 261 85 171 98 100
0 262 85 172 99 100
0 263 86 173 98 99
0 264 87 174 98 98
0 265 87 175 97 98
0 266 87 175 95 97
0 267 88 175 96 96
0 268 89 176 95 96
0 269 89 176 95 96
0 270 89 176 95 96
0 271 89 176 93 95
0 272 90 177 92 94
0 273 91 178 93 93
0 274 92 178 91 92
0 275 92 179 89 91
0 276 93 179 90 90
0 277 93 179 89 89
0 278 94 180 88 88
0 279 95 180 87 87
0 280 95 181 86 87
0 281 95 182 85 85
0 282 95 182 85 85
0 283 96 183 84 85
0 284 96 184 82 84
0 285 97 184 83 83
0 286 98 184 82 83
0 287 99 185 82 83
0 288 100 186 81 82
0 289 100 186 80 81
0 290 100 186 80 81
0 291 101 187 79 80
0 292 101 188 78 79
0 293 102 189 78 79
0 294 102 189 78 79
0 295 103 190 78 78
0 296 103 190 76 77
0 297 103 191 75 77
0 298 104 192 76 76
0 299 104 193 74 75
0 300 104 193 74 75
0 301 105 194 74 75
0 302 105 195 72 74
0 303 105 195 73 73
0 304 105 196 72 72
0 305 106 197 71 71
0 306 107 198 69 70
0 307 108 199 69 70
0 308 108 200 69 70
0 309 109 201 69 70
0 310 110 202 69 70
0 311 110 203 69 70
0 312 111 203 69 70
0 313 111 203 64 69
0 314 111 203 64 68
0 315 111 203 67 67
0 316 111 204 66 66
0 317 111 205 63 65
0 318 111 205 64 64
0 319 112 206 61 63
0 320 113 206 60 62
0 321 113 207 59 61
0 322 113 206 60 60
0 323 113 206 57 59
0 324 113 205 58 58
0 325 114 206 57 58
0 326 115 207 57 58
0 327 116 207 55 56
0 328 116 208 56 56
0 329 116 209 54 55
0 330 116 209 54 55
0 331 116 208 54 55
0 332 117 208 52 53
0 333 117 208 53 52
0 334 117 207 52 51
0 335 118 208 50 52
0 336 119 207 49 50
0 337 119 207 48 50
0 338 120 208 49 49
0 339 120 209 48 49
0 340 121 208 48 49
0 341 122 208 48 49
0 342 122 209 48 49
0 343 122 208 48 49
0 344 122 207 46 48
0 345 123 207 47 47
0 346 124 208 43 46
0 347 124 207 45 45
0 348 124 206 42 44
0 349 125 205 42 43
0 350 125 206 42 42
0 351 125 205 41 41
0 352 126 205 40 40
0 353 127 204 39 39
0 354 127 204 38 38
0 355 127 203 37 38
0 356 127 204 37 37
0 357 127 204 36 37
0 358 128 204 36 37
0 359 128 203 35 36
0 360 128 204 35 36
0 361 128 203 35 36
0 362 128 202 35 35
0 363 128 203 34 35
0 364 127 202 34 35
0 365 126 201 34 35
0 366 125 200 30 34
0 367 124 199 33 33
0 368 123 198 32 32
0 369 122 199 31 31
0 370 121 199 27 31
0 371 120 198 27 29
0 372 119 198 29 28
0 373 118 199 28 27
0 374 117 198 24 27
0 375 116 198 26 26
0 376 115 198 23 24
0 377 114 197 24 23
0 378 113 196 23 22
0 379 112 195 22 22
0 380 111 194 21 21
0 381 110 193 19 20
0 382 109 193 19 19
0 383 108 193 17 18
0 384 107 194 17 18
0 385 106 193 16 17
0 386 105 192 16 16
0 387 104 191 15 16
0 388 103 191 15 16
0 389 102 190 13 14
0 390 101 189 13 14
0 391 100 189 13 14
0 392 99 188 12 13
0 393 98 187 12 13
0 394 97 187 12 13
1 0 0 1 257 258
1 1 0 2 257 258
1 2 0 3 257 258
1 3 0 4 257 258
1 4 0 5 257 258
1 5 0 6 257 258
1 6 0 7 257 258
1 7 0 8 257 258
1 8 0 9 257 258
1 9 0 10 257 258
1 10 0 11 257 258
1 11 0 12 257 258
1 12 0 13 257 258
1 13 0 14 257 258
1 14 0 15 257 258
1 15 0 16 257 258
1 16 0 17 257 258
1 17 0 18 257 258
1 18 0 19 257 258
1 19 0 20 256 257
1 20 0 21 256 257
1 21 0 22 255 256
1 22 0 23 254 255
1 23 0 24 254 255
1 24 0 25 254 255
1 25 0 26 253 254
1 26 0 26 253 254
1 27 0 27 253 254
1 28 0 27 252 253
1 29 0 28 251 252
1 30 0 29 251 251
1 31 1 30 249 250
1 32 1 31 249 250
1 33 1 32 248 249
1 34 2 32 248 248
1 35 2 33 247 247
1 36 2 34 246 246
1 37 3 35 245 245
1 38 3 36 244 245
1 39 3 37 244 245
1 40 3 37 244 245
1 41 4 38 243 244
1 42 4 39 243 244
1 43 5 39 242 243
1 44 5 40 242 243
1 45 5 40 242 243
1 46 5 41 242 243
1 47 5 42 240 242
1 48 6 43 240 241
1 49 6 44 240 241
1 50 7 45 238 240
1 51 7 46 238 239
1 52 7 46 237 238
1 53 8 47 236 237
1 54 8 47 236 236
1 55 8 47 235 236
1 56 8 48 235 236
1 57 8 48 233 235
1 58 9 49 231 234
1 59 9 50 231 233
1 60 9 50 230 232
1 61 10 51 231 231
1 62 10 51 230 230
1 63 11 52 229 230
1 64 11 52 229 230
1 65 12 53 229 230
1 66 12 54 229 230
1 67 12 55 229 230
1 68 12 56 229 230
1 69 13 57 229 230
1 70 13 58 227 229
1 71 14 58 227 228
1 72 14 59 227 227
1 73 14 60 226 226
1 74 14 61 220 225
1 75 14 62 224 224
1 76 15 62 223 223
1 77 15 62 222 222
1 78 16 63 221 221
1 79 16 64 219 220
1 80 16 64 219 220
1 81 17 65 219 220
1 82 17 66 219 220
1 83 17 67 219 220
1 84 18 67 219 220
1 85 18 67 219 220
1 86 18 68 219 220
1 87 18 68 213 219
1 88 18 69 212 218
1 89 18 70 211 217
1 90 19 70 211 216
1 91 20 70 215 215
1 92 21 71 214 214
1 93 22 71 213 213
1 94 22 72 209 212
1 95 22 73 209 211
1 96 22 73 207 210
1 97 22 73 208 209
1 98 23 74 207 208
1 99 23 75 207 208
1 100 23 75 206 207
1 101 24 76 206 206
1 102 25 77 204 205
1 103 25 78 203 204
1 104 26 78 203 203
1 105 26 78 201 202
1 106 26 79 201 202
1 107 27 79 201 202
1 108 27 80 201 202
1 109 27 81 201 202
1 110 28 82 201 202
1 111 28 83 201 202
1 112 28 84 201 202
1 113 28 84 201 202
1 114 28 85 196 201
1 115 29 85 200 200
1 116 30 85 195 199
1 117 31 86 198 198
1 118 31 87 192 197
1 119 32 88 192 196
1 120 32 89 195 195
1 121 32 89 191 194
1 122 32 90 191 193
1 123 32 90 191 192
1 124 33 90 190 191
1 125 34 91 189 190
1 126 34 91 189 190
1 127 35 92 189 190
1 128 35 92 189 190
1 129 35 93 189 190
1 130 36 93 189 190
1 131 37 94 189 190
1 132 37 95 184 189
1 133 37 96 188 188
1 134 37 96 183 187
1 135 37 97 186 186
1 136 38 97 182 185
1 137 38 98 180 184
1 138 39 98 180 183
1 139 39 99 179 182
1 140 39 100 178 181
1 141 40 100 176 180
1 142 41 101 177 179
1 143 41 102 177 178
1 144 41 102 177 177
1 145 41 103 175 176
1 146 42 103 175 176
1 147 42 104 175 176
1 148 43 105 175 176
1 149 43 105 174 175
1 150 44 106 174 175
1 151 44 106 173 174
1 152 44 107 173 173
1 153 44 108 172 172
1 154 45 109 170 171
1 155 45 110 170 171
1 156 45 111 168 170
1 157 46 111 169 169
1 158 46 111 168 169
1 159 46 112 168 169
1 160 47 113 168 169
1 161 47 113 165 168
1 162 47 114 164 167
1 163 47 114 166 166
1 164 47 115 164 165
1 165 48 115 164 165
1 166 48 116 163 164
1 167 49 117 163 163
1 168 49 118 162 163
1 169 50 119 161 162
1 170 50 119 161 161
1 171 51 120 160 160
1 172 52 121 159 159
1 173 52 121 157 158
1 174 53 122 157 157
1 175 53 123 156 156
1 176 53 123 155 155
1 177 53 124 154 154
1 178 54 124 153 154
1 179 54 125 153 154
1 180 55 125 152 153
1 181 55 126 152 152
1 182 56 127 151 152
1 183 56 127 151 152
1 184 56 128 151 152
1 185 57 129 149 151
1 186 58 129 149 150
1 187 58 130 149 150
1 188 59 130 147 149
1 189 59 130 147 148
1 190 60 130 147 147
1 191 60 131 146 146
1 192 61 132 145 145
1 193 61 132 143 144
1 194 61 133 143 143
1 195 61 134 142 143
1 196 62 135 142 143
1 197 63 136 141 142
1 198 63 136 141 142
1 199 63 137 141 142
1 200 63 138 141 142
1 201 64 138 140 141
1 202 65 138 140 141
1 203 65 138 139 140
1 204 65 139 138 139
1 205 66 140 138 138
1 206 66 140 137 137
1 207 66 140 135 136
1 208 66 141 135 135
1 209 67 141 134 135
1 210 67 142 134 135
1 211 67 143 134 135
1 212 67 144 131 134
1 213 67 145 133 133
1 214 67 146 129 132
1 215 67 147 131 131
1 216 68 147 129 130
1 217 69 147 129 129
1 218 70 148 127 128
1 219 71 149 127 128
1 220 71 149 127 128
1 221 72 149 127 128
1 222 72 150 124 127
1 223 72 150 126 126
1 224 73 150 123 125
1 225 73 151 124 124
1 226 74 151 123 123
1 227 74 152 122 122
1 228 74 152 121 121
1 229 74 152 120 121
1 230 75 152 120 121
1 231 75 153 119 120
1 232 76 154 119 119
1 233 76 155 117 118
1 234 77 156 117 117
1 235 77 157 116 117
1 236 77 157 116 117
1 237 77 157 116 117
1 238 77 158 114 116
1 239 77 158 115 115
1 240 77 159 114 115
1 241 77 160 113 114
1 242 78 161 113 113
1 243 79 162 111 112
1 244 79 163 111 111
1 245 79 163 109 110
1 246 80 164 109 110
1 247 80 165 108 109
1 248 80 166 108 109
1 249 80 167 108 109
1 250 81 167 108 109
1 251 81 168 108 109
1 252 81 168 106 108
1 253 81 168 104 107
1 254 82 168 104 106
1 255 82 168 105 105
1 256 83 169 102 104
1 257 83 170 103 104
1 258 83 170 102 103
1 259 84 170 102 102
1 260 84 171 101 102
1 261 84 172 99 101
1 262 84 173 100 101
1 263 85 174 99 100
1 264 86 175 99 99
1 265 86 176 98 99
1 266 86 176 96 98
1 267 87 176 97 97
1 268 88 177 96 97
1 269 88 177 96 97
1 270 88 177 96 97
1 271 88 177 94 96
1 272 89 178 93 95
1 273 90 179 94 94
1 274 91 179 92 93
1 275 91 180 90 92
1 276 92 180 91 91
1 277 92 180 90 90
1 278 93 181 89 89
1 279 94 181 88 88
1 280 94 182 87 88
1 281 94 183 86 86
1 282 94 183 86 86
1 283 95 184 85 86
1 284 95 185 83 85
1 285 96 185 84 84
1 286 97 185 83 84
1 287 98 186 83 84
1 288 99 187 82 83
1 289 99 187 81 82
1 290 99 187 81 82
1 291 100 188 80 81
1 292 100 189 79 80
1 293 101 190 79 80
1 294 101 190 79 80
1 295 102 191 79 79
1 296 102 191 77 78
1 297 102 192 76 78
1 298 103 193 77 77
1 299 103 194 75 76
1 300 103 194 75 76
1 301 104 195 75 76
1 302 104 196 73 75
1 303 104 196 74 74
1 304 104 197 73 73
1 305 105 198 72 72
1 306 106 199 70 71
1 307 107 200 70 71
1 308 107 201 70 71
1 309 108 202 70 71
1 310 109 203 70 71
1 311 109 204 70 71
1 312 110 204 70 71
1 313 110 204 65 70
1 314 110 204 65 69
1 315 110 204 68 68
1 316 110 205 67 67
1 317 110 206 64 66
1 318 110 206 65 65
1 319 111 207 62 64
1 320 112 207 61 63
1 321 112 208 60 62
1 322 112 207 61 61
1 323 112 207 58 60
1 324 112 206 59 59
1 325 113 207 58 59
1 326 114 208 58 59
1 327 115 208 56 57
1 328 115 209 57 57
1 329 115 210 55 56
1 330 115 210 55 56
1 331 115 209 55 56
1 332 116 209 53 54
1 333 116 209 54 53
1 334 116 208 53 52
1 335 117 209 51 53
1 336 118 208 50 51
1 337 118 208 49 51
1 338 119 209 50 50
1 339 119 210 49 50
1 340 120 209 49 50
1 341 121 209 49 50
1 342 121 210 49 50
1 343 121 209 49 50
1 344 121 208 47 49
1 345 122 208 48 48
1 346 123 209 44 47
1 347 123 208 46 46
1 348 123 207 43 45
1 349 124 206 43 44
1 350 124 207 43 43
1 351 124 206 42 42
1 352 125 206 41 41
1 353 126 205 40 40
1 354 126 205 39 39
1 355 126 204 38 39
1 356 126 205 38 38
1 357 126 205 37 38
1 358 127 205 37 38
1 359 127 204 36 37
1 360 127 205 36 37
1 361 127 204 36 37
1 362 127 203 36 36
1 363 127 204 35 36
1 364 126 203 35 36
1 365 125 202 35 36
1 366 124 201 31 35
1 367 123 200 34 34
1 368 122 199 33 33
1 369 121 200 32 32
1 370 120 200 28 32
1 371 119 199 28 30
1 372 118 199 30 29
1 373 117 200 29 28
1 374 116 199 25 28
1 375 115 199 27 27
1 376 114 199 24 25
1 377 113 198 25 24
1 378 112 197 24 23
1 379 111 196 23 23
1 380 110 195 22 22
1 381 109 194 20 21
1 382 108 194 20 20
1 383 107 194 18 19
1 384 106 195 18 19
1 385 105 194 17 18
1 386 104 193 17 17
1 387 103 192 16 17
1 388 102 192 16 17
1 389 101 191 14 15
1 390 100 190 14 15
1 391 99 190 14 15
1 392 98 189 13 14
1 393 97 188 13 14
1 394 96 188 13 14
2 0 0 2 258 259
2 1 0 3 258 259
2 2 0 4 258 259
2 3 0 5 258 259
2 4 0 6 258 259
2 5 0 7 258 259
2 6 0 8 258 259
2 7 0 9 258 259
2 8 0 10 258 259
2 9 0 11 258 259
2 10 0 12 258 259
2 11 0 13 258 259
2 12 0 14 258 259
2 13 0 15 258 259
2 14 0 16 258 259
2 15 0 17 258 259
2 16 0 18 258 259
2 17 0 19 258 259
2 18 0 20 258 259
2 19 0 21 257 258
2 20 0 22 257 258
2 21 0 23 256 257
2 22 0 24 255 256
2 23 0 25 255 256
2 24 0 26 255 256
2 25 0 27 254 255
2 26 0 27 254 255
2 27 0 28 254 255
2 28 0 28 253 254
2 29 0 29 252 253
2 30 0 30 252 252
2 31 0 31 250 251
2 32 0 32 250 251
2 33 0 33 249 250
2 34 1 33 249 249
2 35 1 34 248 248
2 36 1 35 247 247
2 37 2 36 246 246
2 38 2 37 245 246
2 39 2 38 245 246
2 40 2 38 245 246
2 41 3 39 244 245
2 42 3 40 244 245
2 43 4 40 243 244
2 44 4 41 243 244
2 45 4 41 243 244
2 46 4 42 243 244
2 47 4 43 241 243
2 48 5 44 241 242
2 49 5 45 241 242
2 50 6 46 239 241
2 51 6 47 239 240
2 52 6 47 238 239
2 53 7 48 237 238
2 54 7 48 237 237
2 55 7 48 236 237
2 56 7 49 236 237
2 57 7 49 234 236
2 58 8 50 232 235
2 59 8 51 232 234
2 60 8 51 231 233
2 61 9 52 232 232
2 62 9 52 231 231
2 63 10 53 230 231
2 64 10 53 230 231
2 65 11 54 230 231
2 66 11 55 230 231
2 67 11 56 230 231
2 68 11 57 230 231
2 69 12 58 230 231
2 70 12 59 228 230
2 71 13 59 228 229
2 72 13 60 228 228
2 73 13 61 227 227
2 74 13 62 221 226
2 75 13 63 225 225
2 76 14 63 224 224
2 77 14 63 223 223
2 78 15 64 222 222
2 79 15 65 220 221
2 80 15 65 220 221
2 81 16 66 220 221
2 82 16 67 220 221
2 83 16 68 220 221
2 84 17 68 220 221
2 85 17 68 220 221
2 86 17 69 220 221
2 87 17 69 214 220
2 88 17 70 213 219
2 89 17 71 212 218
2 90 18 71 212 217
2 91 19 71 216 216
2 92 20 72 215 215
2 93 21 72 214 214
2 94 21 73 210 213
2 95 21 74 210 212
2 96 21 74 208 211
2 97 21 74 209 210
2 98 22 75 208 209
2 99 22 76 208 209
2 100 22 76 207 208
2 101 23 77 207 207
2 102 24 78 205 206
2 103 24 79 204 205
2 104 25 79 204 204
2 105 25 79 202 203
2 106 25 80 202 203
2 107 26 80 202 203
2 108 26 81 202 203
2 109 26 82 202 203
2 110 27 83 202 203
2 111 27 84 202 203
2 112 27 85 202 203
2 113 27 85 202 203
2 114 27 86 197 202
2 115 28 86 201 201
2 116 29 86 196 200
2 117 30 87 199 199
2 118 30 88 193 198
2 119 31 89 193 197
2 120 31 90 196 196
2 121 31 90 192 195
2 122 31 91 192 194
2 123 31 91 192 193
2 124 32 91 191 192
2 125 33 92 190 191
2 126 33 92 190 191
2 127 34 93 190 191
2 128 34 93 190 191
2 129 34 94 190 191
2 130 35 94 190 191
2 131 36 95 190 191
2 132 36 96 185 190
2 133 36 97 189 189
2 134 36 97 184 188
2 135 36 98 187 187
2 136 37 98 183 186
2 137 37 99 181 185
2 138 38 99 181 184
2 139 38 100 180 183
2 140 38 101 179 182
2 141 39 101 177 181
2 142 40 102 178 180
2 143 40 103 178 179
2 144 40 103 178 178
2 145 40 104 176 177
2 146 41 104 176 177
2 147 41 105 176 177
2 148 42 106 176 177
2 149 42 106 175 176
2 150 43 107 175 176
2 151 43 107 174 175
2 152 43 108 174 174
2 153 43 109 173 173
2 154 44 110 171 172
2 155 44 111 171 172
2 156 44 112 169 171
2 157 45 112 170 170
2 158 45 112 169 170
2 159 45 113 169 170
2 160 46 114 169 170
2 161 46 114 166 169
2 162 46 115 165 168
2 163 46 115 167 167
2 164 46 116 165 166
2 165 47 116 165 166
2 166 47 117 164 165
2 167 48 118 164 164
2 168 48 119 163 164
2 169 49 120 162 163
2 170 49 120 162 162
2 171 50 121 161 161
2 172 51 122 160 160
2 173 51 122 158 159
2 174 52 123 158 158
2 175 52 124 157 157
2 176 52 124 156 156
2 177 52 125 155 155
2 178 53 125 154 155
2 179 53 126 154 155
2 180 54 126 153 154
2 181 54 127 153 153
2 182 55 128 152 153
2 183 55 128 152 153
2 184 55 129 152 153
2 185 56 130 150 152
2 186 57 130 150 151
2 187 57 131 150 151
2 188 58 131 148 150
2 189 58 131 148 149
2 190 59 131 148 148
2 191 59 132 147 147
2 192 60 133 146 146
2 193 60 133 144 145
2 194 60 134 144 144
2 195 60 135 143 144
2 196 61 136 143 144
2 197 62 137 142 143
2 198 62 137 142 143
2 199 62 138 142 143
2 200 62 139 142 143
2 201 63 139 141 142
2 202 64 139 141 142
2 203 64 139 140 141
2 204 64 140 139 140
2 205 65 141 139 139
2 206 65 141 138 138
2 207 65 141 136 137
2 208 65 142 136 136
2 209 66 142 135 136
2 210 66 143 135 136
2 211 66 144 135 136
2 212 66 145 132 135
2 213 66 146 134 134
2 214 66 147 130 133
2 215 66 148 132 132
2 216 67 148 130 131
2 217 68 148 130 130
2 218 69 149 128 129
2 219 70 150 128 129
2 220 70 150 128 129
2 221 71 150 128 129
2 222 71 151 125 128
2 223 71 151 127 127
2 224 72 151 124 126
2 225 72 152 125 125
2 226 73 152 124 124
2 227 73 153 123 123
2 228 73 153 122 122
2 229 73 153 121 122
2 230 74 153 121 122
2 231 74 154 120 121
2 232 75 155 120 120
2 233 75 156 118 119
2 234 76 157 118 118
2 235 76 158 117 118
2 236 76 158 117 118
2 237 76 158 117 118
2 238 76 159 115 117
2 239 76 159 116 116
2 240 76 160 115 116
2 241 76 161 114 115
2 242 77 162 114 114
2 243 78 163 112 113
2 244 78 164 112 112
2 245 78 164 110 111
2 246 79 165 110 111
2 247 79 166 109 110
2 248 79 167 109 110
2 249 79 168 109 110
2 250 80 168 109 110
2 251 80 169 109 110
2 252 80 169 107 109
2 253 80 169 105 108
2 254 81 169 105 107
2 255 81 169 106 106
2 256 82 170 103 105
2 257 82 171 104 105
2 258 82 171 103 104
2 259 83 171 103 103
2 260 83 172 102 103
2 261 83 173 100 102
2 262 83 174 101 102
2 263 84 175 100 101
2 264 85 176 100 100
2 265 85 177 99 100
2 266 85 177 97 99
2 267 86 177 98 98
2 268 87 178 97 98
2 269 87 178 97 98
2 270 87 178 97 98
2 271 87 178 95 97
2 272 88 179 94 96
2 273 89 180 95 95
2 274 90 180 93 94
2 275 90 181 91 93
2 276 91 181 92 92
2 277 91 181 91 91
2 278 92 182 90 90
2 279 93 182 89 89
2 280 93 183 88 89
2 281 93 184 87 87
2 282 93 184 87 87
2 283 94 185 86 87
2 284 94 186 84 86
2 285 95 186 85 85
2 286 96 186 84 85
2 287 97 187 84 85
2 288 98 188 83 84
2 289 98 188 82 83
2 290 98 188 82 83
2 291 99 189 81 82
2 292 99 190 80 81
2 293 100 191 80 81
2 294 100 191 80 81
2 295 101 192 80 80
2 296 101 192 78 79
2 297 101 193 77 79
2 298 102 194 78 78
2 299 102 195 76 77
2 300 102 195 76 77
2 301 103 196 76 77
2 302 103 197 74 76
2 303 103 197 75 75
2 304 103 198 74 74
2 305 104 199 73 73
2 306 105 200 71 72
2 307 106 201 71 72
2 308 106 202 71 72
2 309 107 203 71 72
2 310 108 204 71 72
2 311 108 205 71 72
2 312 109 205 71 72
2 313 109 205 66 71
2 314 109 205 66 70
2 315 109 205 69 69
2 316 109 206 68 68
2 317 109 207 65 67
2 318 109 207 66 66
2 319 110 208 63 65
2 320 111 208 62 64
2 321 111 209 61 63
2 322 111 208 62 62
2 323 111 208 59 61
2 324 111 207 60 60
2 325 112 208 59 60
2 326 113 209 59 60
2 327 114 209 57 58
2 328 114 210 58 58
2 329 114 211 56 57
2 330 114 211 56 57
2 331 114 210 56 57
2 332 115 210 54 55
2 333 115 210 55 54
2 334 115 209 54 53
2 335 116 210 52 54
2 336 117 209 51 52
2 337 117 209 50 52
2 338 118 210 51 51
2 339 118 211 50 51
2 340 119 210 50 51
2 341 120 210 50 51
2 342 120 211 50 51
2 343 120 210 50 51
2 344 120 209 48 50
2 345 121 209 49 49
2 346 122 210 45 48
2 347 122 209 47 47
2 348 122 208 44 46
2 349 123 207 44 45
2 350 123 208 44 44
2 351 123 207 43 43
2 352 124 207 42 42
2 353 125 206 41 41
2 354 125 206 40 40
2 355 125 205 39 40
2 356 125 206 39 39
2 357 125 206 38 39
2 358 126 206 38 39
2 359 126 205 37 38
2 360 126 206 37 38
2 361 126 205 37 38
2 362 126 204 37 37
2 363 126 205 36 37
2 364 125 204 36 37
2 365 124 203 36 37
2 366 123 202 32 36
2 367 122 201 35 35
2 368 121 200 34 34
2 369 120 201 33 33
2 370 119 201 29 33
2 371 118 200 29 31
2 372 117 200 31 30
2 373 116 201 30 29
2 374 115 200 26 29
2 375 114 200 28 28
2 376 113 200 25 26
2 377 112 199 26 25
2 378 111 198 25 24
2 379 110 197 24 24
2 380 109 196 23 23
2 381 108 195 21 22
2 382 107 195 21 21
2 383 106 195 19 20
2 384 105 196 19 20
2 385 104 195 18 19
2 386 103 194 18 18
2 387 102 193 17 18
2 388 101 193 17 18
2 389 100 192 15 16
2 390 99 191 15 16
2 391 98 191 15 16
2 392 97 190 14 15
2 393 96 189 14 15
2 394 95 189 14 15
3 0 0 4 260 261
3 1 0 5 260 261
3 2 0 6 260 261
3 3 0 7 260 261
3 4 0 8 260 261
3 5 0 9 260 261
3 6 0 10 260 261
3 7 0 11 260 261
3 8 0 12 260 261
3 9 0 13 260 261
3 10 0 14 260 261
3 11 0 15 260 261
3 12 0 16 260 261
3 13 0 17 260 261
3 14 0 18 260 261
3 15 0 19 260 261
3 16 0 20 260 261
3 17 0 21 260 261
3 18 0 22 260 261
3 19 0 23 259 260
3 20 0 24 259 260
3 21 0 25 258 259
3 22 0 26 257 258
3 23 0 27 257 258
3 24 0 28 257 258
3 25 0 29 256 257
3 26 0 29 256 257
3 27 0 30 256 257
3 28 0 30 255 256
3 29 0 31 254 255
3 30 0 32 254 254
3 31 0 33 252 253
3 32 0 34 252 253
3 33 0 35 251 252
3 34 0 35 251 251
3 35 0 36 250 250
3 36 0 37 249 249
3 37 0 38 248 248
3 38 0 39 247 248
3 39 0 40 247 248
3 40 0 40 247 248
3 41 1 41 246 247
3 42 1 42 246 247
3 43 2 42 245 246
3 44 2 43 245 246
3 45 2 43 245 246
3 46 2 44 245 246
3 47 2 45 243 245
3 48 3 46 243 244
3 49 3 47 243 244
3 50 4 48 241 243
3 51 4 49 241 242
3 52 4 49 240 241
3 53 5 50 239 240
3 54 5 50 239 239
3 55 5 50 238 239
3 56 5 51 238 239
3 57 5 51 236 238
3 58 6 52 234 237
3 59 6 53 234 236
3 60 6 53 233 235
3 61 7 54 234 234
3 62 7 54 233 233
3 63 8 55 232 233
3 64 8 55 232 233
3 65 9 56 232 233
3 66 9 57 232 233
3 67 9 58 232 233
3 68 9 59 232 233
3 69 10 60 232 233
3 70 10 61 230 232
3 71 11 61 230 231
3 72 11 62 230 230
3 73 11 63 229 229
3 74 11 64 223 228
3 75 11 65 227 227
3 76 12 65 226 226
3 77 12 65 225 225
3 78 13 66 224 224
3 79 13 67 222 223
3 80 13 67 222 223
3 81 14 68 222 223
3 82 14 69 222 223
3 83 14 70 222 223
3 84 15 70 222 223
3 85 15 70 222 223
3 86 15 71 222 223
3 87 15 71 216 222
3 88 15 72 215 221
3 89 15 73 214 220
3 90 16 73 214 219
3 91 17 73 218 218
3 92 18 74 217 217
3 93 19 74 216 216
3 94 19 75 212 215
3 95 19 76 212 214
3 96 19 76 210 213
3 97 19 76 211 212
3 98 20 77 210 211
3 99 20 78 210 211
3 100 20 78 209 210
3 101 21 79 209 209
3 102 22 80 207 208
3 103 22 81 206 207
3 104 23 81 206 206
3 105 23 81 204 205
3 106 23 82 204 205
3 107 24 82 204 205
3 108 24 83 204 205
3 109 24 84 204 205
3 110 25 85 204 205
3 111 25 86 204 205
3 112 25 87 204 205
3 113 25 87 204 205
3 114 25 88 199 204
3 115 26 88 203 203
3 116 27 88 198 202
3 117 28 89 201 201
3 118 28 90 195 200
3 119 29 91 195 199
3 120 29 92 198 198
3 121 29 92 194 197
3 122 29 93 194 196
3 123 29 93 194 195
3 124 30 93 193 194
3 125 31 94 192 193
3 126 31 94 192 193
3 127 32 95 192 193
3 128 32 95 192 193
3 129 32 96 192 193
3 130 33 96 192 193
3 131 34 97 192 193
3 132 34 98 187 192
3 133 34 99 191 191
3 134 34 99 186 190
3 135 34 100 189 189
3 136 35 100 185 188
3 137 35 101 183 187
3 138 36 101 183 186
3 139 36 102 182 185
3 140 36 103 181 184
3 141 37 103 179 183
3 142 38 104 180 182
3 143 38 105 180 181
3 144 38 105 180 180
3 145 38 106 178 179
3 146 39 106 178 179
3 147 39 107 178 179
3 148 40 108 178 179
3 149 40 108 177 178
3 150 41 109 177 178
3 151 41 109 176 177
3 152 41 110 176 176
3 153 41 111 175 175
3 154 42 112 173 174
3 155 42 113 173 174
3 156 42 114 171 173
3 157 43 114 172 172
3 158 43 114 171 172
3 159 43 115 171 172
3 160 44 116 171 172
3 161 44 116 168 171
3 162 44 117 167 170
3 163 44 117 169 169
3 164 44 118 167 168
3 165 45 118 167 168
3 166 45 119 166 167
3 167 46 120 166 166
3 168 46 121 165 166
3 169 47 122 164 165
3 170 47 122 164 164
3 171 48 123 163 163
3 172 49 124 162 162
3 173 49 124 160 161
3 174 50 125 160 160
3 175 50 126 159 159
3 176 50 126 158 158
3 177 50 127 157 157
3 178 51 127 156 157
3 179 51 128 156 157
3 180 52 128 155 156
3 181 52 129 155 155
3 182 53 130 154 155
3 183 53 130 154 155
3 184 53 131 154 155
3 185 54 132 152 154
3 186 55 132 152 153
3 187 55 133 152 153
3 188 56 133 150 152
3 189 56 133 150 151
3 190 57 133 150 150
3 191 57 134 149 149
3 192 58 135 148 148
3 193 58 135 146 147
3 194 58 136 146 146
3 195 58 137 145 146
3 196 59 138 145 146
3 197 60 139 144 145
3 198 60 139 144 145
3 199 60 140 144 145
3 200 60 141 144 145
3 201 61 141 143 144
3 202 62 141 143 144
3 203 62 141 142 143
3 204 62 142 141 142
3 205 63 143 141 141
3 206 63 143 140 140
3 207 63 143 138 139
3 208 63 144 138 138
3 209 64 144 137 138
3 210 64 145 137 138
3 211 64 146 137 138
3 212 64 147 134 137
3 213 64 148 136 136
3 214 64 149 132 135
3 215 64 150 134 134
3 216 65 150 132 133
3 217 66 150 132 132
3 218 67 151 130 131
3 219 68 152 130 131
3 220 68 152 130 131
3 221 69 152 130 131
3 222 69 153 127 130
3 223 69 153 129 129
3 224 70 153 126 128
3 225 70 154 127 127
3 226 71 154 126 126
3 227 71 155 125 125
3 228 71 155 124 124
3 229 71 155 123 124
3 230 72 155 123 124
3 231 72 156 122 123
3 232 73 157 122 122
3 233 73 158 120 121
3 234 74 159 120 120
3 235 74 160 119 120
3 236 74 160 119 120
3 237 74 160 119 120
3 238 74 161 117 119
3 239 74 161 118 118
3 240 74 162 117 118
3 241 74 163 116 117
3 242 75 164 116 116
3 243 76 165 114 115
3 244 76 166 114 114
3 245 76 166 112 113
3 246 77 167 112 113
3 247 77 168 111 112
3 248 77 169 111 112
3 249 77 170 111 112
3 250 78 170 111 112
3 251 78 171 111 112
3 252 78 171 109 111
3 253 78 171 107 110
3 254 79 171 107 109
3 255 79 171 108 108
3 256 80 172 105 107
3 257 80 173 106 107
3 258 80 173 105 106
3 259 81 173 105 105
3 260 81 174 104 105
3 261 81 175 102 104
3 262 81 176 103 104
3 263 82 177 102 103
3 264 83 178 102 102
3 265 83 179 101 102
3 266 83 179 99 101
3 267 84 179 100 100
3 268 85 180 99 100
3 269 85 180 99 100
3 270 85 180 99 100
3 271 85 180 97 99
3 272 86 181 96 98
3 273 87 182 97 97
3 274 88 182 95 96
3 275 88 183 93 95
3 276 89 183 94 94
3 277 89 183 93 93
3 278 90 184 92 92
3 279 91 184 91 91
3 280 91 185 90 91
3 281 91 186 89 89
3 282 91 186 89 89
3 283 92 187 88 89
3 284 92 188 86 88
3 285 93 188 87 87
3 286 94 188 86 87
3 287 95 189 86 87
3 288 96 190 85 86
3 289 96 190 84 85
3 290 96 190 84 85
3 291 97 191 83 84
3 292 97 192 82 83
3 293 98 193 82 83
3 294 98 193 82 83
3 295 99 194 82 82
3 296 99 194 80 81
3 297 99 195 79 81
3 298 100 196 80 80
3 299 100 197 78 79
3 300 100 197 78 79
3 301 101 198 78 79
3 302 101 199 76 78
3 303 101 199 77 77
3 304 101 200 76 76
3 305 102 201 75 75
3 306 103 202 73 74
3 307 104 203 73 74
3 308 104 204 73 74
3 309 105 205 73 74
3 310 106 206 73 74
3 311 106 207 73 74
3 312 107 207 73 74
3 313 107 207 68 73
3 314 107 207 68 72
3 315 107 207 71 71
3 316 107 208 70 70
3 317 107 209 67 69
3 318 107 209 68 68
3 319 108 210 65 67
3 320 109 210 64 66
3 321 109 211 63 65
3 322 109 210 64 64
3 323 109 210 61 63
3 324 109 209 62 62
3 325 110 210 61 62
3 326 111 211 61 62
3 327 112 211 59 60
3 328 112 212 60 60
3 329 112 213 58 59
3 330 112 213 58 59
3 331 112 212 58 59
3 332 113 212 56 57
3 333 113 212 57 56
3 334 113 211 56 55
3 335 114 212 54 56
3 336 115 211 53 54
3 337 115 211 52 54
3 338 116 212 53 53
3 339 116 213 52 53
3 340 117 212 52 53
3 341 118 212 52 53
3 342 118 213 52 53
3 343 118 212 52 53
3 344 118 211 50 52
3 345 119 211 51 51
3 346 120 212 47 50
3 347 120 211 49 49
3 348 120 210 46 48
3 349 121 209 46 47
3 350 121 210 46 46
3 351 121 209 45 45
3 352 122 209 44 44
3 353 123 208 43 43
3 354 123 208 42 42
3 355 123 207 41 42
3 356 123 208 41 41
3 357 123 208 40 41
3 358 124 208 40 41
3 359 124 207 39 40
3 360 124 208 39 40
3 361 124 207 39 40
3 362 124 206 39 39
3 363 124 207 38 39
3 364 123 206 38 39
3 365 122 205 38 39
3 366 121 204 34 38
3 367 120 203 37 37
3 368 119 202 36 36
3 369 118 203 35 35
3 370 117 203 31 35
3 371 116 202 31 33
3 372 115 202 33 32
3 373 114 203 32 31
3 374 113 202 28 31
3 375 112 202 30 30
3 376 111 202 27 28
3 377 110 201 28 27
3 378 109 200 27 26
3 379 108 199 26 26
3 380 107 198 25 25
3 381 106 197 23 24
3 382 105 197 23 23
3 383 104 197 21 22
3 384 103 198 21 22
3 385 102 197 20 21
3 386 101 196 20 20
3 387 100 195 19 20
3 388 99 195 19 20
3 389 98 194 17 18
3 390 97 193 17 18
3 391 96 193 17 18
3 392 95 192 16 17
3 393 94 191 16 17
3 394 93 191 16 17
