1028 12153
1028 21487
1028 31847
1028 41181
1028 51541
1028 60875
1028 71235
1028 80569
1028 90929
1028 100263
1028 110623
1028 119957
1028 130317
1028 139651
1028 150011
1028 159345
1028 169705
1028 179039
1028 189399
1028 198733
1028 209093
1028 218427
1028 228787
1028 238121
1028 248481
1028 257815
1028 268175
1028 277509
1028 287869
1028 297203
1028 307563
1028 316897
1028 327257
1028 336591
1028 346951
1028 356285
1028 366645
1028 375979
1028 386339
1028 395673
1028 406033
1028 415367
1028 425727
1028 435061
1028 445421
1028 454755
1028 465115
1028 474449
1028 484809
1028 494143
1028 504503
1028 513837
1028 524197
1028 533531
1028 543891
1028 553225
1028 563585
1028 572919
1028 583279
1028 592613
1028 602973
1028 612307
1028 622667
1028 632001
1028 642361
1028 651695
1028 662055
1028 671389
1028 681749
1028 691083
1028 701443
1028 710777
1028 721137
1028 730471
1028 740831
1028 750165
1028 760525
1028 769859
1028 780219
1028 789553
1028 799913
1028 809247
1028 819607
1028 828941
1028 839301
1028 848635
1028 858995
1028 868329
1028 878689
1028 888023
1028 898383
1028 907717
1028 918077
1028 927411
1028 937771
1028 947105
1028 957465
1028 966799
1028 977159
1028 986493
1028 996853
1028 1006187
1028 1016547
1028 1025881
1028 1036241
1028 1045575
1028 1055935
1028 1065269
1028 1075629
1028 1084963
1028 1095323
1028 1104657
1028 1115017
1028 1124351
1028 1134711
1028 1144045
1028 1154405
1028 1163739
1028 1174099
1028 1183433
1028 1193793
1028 1203127
1028 1213487
1028 1222821
1028 1233181
1028 1242515
1028 1252875
1028 1262209
1028 1272569
1028 1281903
1028 1292263
1028 1301597
1028 1311957
1028 1321291
1028 1331651
1028 1340985
1028 1351345
1028 1360679
1028 1371039
1028 1380373
1028 1390733
1028 1400067
1028 1410427
1028 1419761
1028 1430121
1028 1439455
1028 1449815
1028 1459149
1028 1469509
1028 1478843
1028 1489203
1028 1498537
1028 1508897
1028 1518231
1028 1528591
1028 1537925
1028 1548285
1028 1557619
1028 1567979
1028 1577313
1028 1587673
1028 1597007
1028 1607367
1028 1616701
1028 1627061
1028 1636395
1028 1646755
1028 1656089
1028 1666449
1028 1675783
1028 1686143
1028 1695477
1028 1705837
1028 1715171
1028 1725531
1028 1734865
1028 1745225
1028 1754559
1028 1764919
1028 1774253
1028 1784613
1028 1793947
1028 1804307
1028 1813641
1028 1824001
1028 1833335
1028 1843695
1028 1853029
1028 1863389
1028 1872723
1028 1883083
1028 1892417
1028 1902777
1028 1912111
1028 1922471
1028 1931805
1028 1942165
1028 1951499
1028 1961859
1028 1971193
1028 1981553
1028 1990887
1028 2001247
1028 2010581
1028 2020941
1028 2030275
1028 2040635
1028 2049969
1028 2060329
1028 2069663
1028 2080023
1028 2089357
1028 2099717
1028 2109051
1028 2119411
1028 2128745
1028 2139105
1028 2148439
1028 2158799
1028 2168133
1028 2178493
1028 2187827
1028 2198187
1028 2207521
1028 2217881
1028 2227215
1028 2237575
1028 2246909
1028 2257269
1028 2266603
1028 2276963
1028 2286297
1028 2296657
1028 2305991
1028 2316351
1028 2325685
1028 2336045
1028 2345379
1028 2355739
1028 2365073
1028 2375433
1028 2384767
1028 2395127
1028 2404461
1028 2414821
1028 2424155
1028 2434515
1028 2443849
1028 2454209
1028 2463543
1028 2473903
1028 2483237
1028 2493597
1028 2502931
1028 2513291
1028 2522625
1028 2532985
1028 2542319
1028 2552679
1028 2562013
1028 2572373
1028 2581707
1028 2592067
1028 2601401
1028 2611761
1028 2621095
1028 2631455
1028 2640789
1028 2651149
1028 2660483
1028 2670843
1028 2680177
1028 2690537
1028 2699871
1028 2710231
1028 2719565
1028 2729925
1028 2739259
1028 2749619
1028 2758953
1028 2769313
1028 2778647
1028 2789007
1028 2798341
1028 2808701
1028 2818035
1028 2828395
1028 2837729
1028 2848089
1028 2857423
1028 2867783
1028 2877117
1028 2887477
1028 2896811
1028 2907171
1028 2916505
1028 2926865
1028 2936199
1028 2946559
1028 2955893
1028 2966253
1028 2975587
1028 2985947
1028 2995281
1028 3005641
1028 3014975
1028 3025335
1028 3034669
1028 3045029
1028 3054363
1028 3064723
1028 3074057
1028 3084417
1028 3093751
1028 3104111
1028 3113445
1028 3123805
1028 3133139
1028 3143499
1028 3152833
1028 3163193
1028 3172527
1028 3182887
1028 3192221
1028 3202581
1028 3211915
1028 3222275
1028 3231609
1028 3241969
1028 3251303
1028 3261663
1028 3270997
1028 3281357
1028 3290691
1028 3301051
1028 3310385
1028 3320745
1028 3330079
1028 3340439
1028 3349773
1028 3360133
1028 3369467
1028 3379827
1028 3389161
1028 3399521
1028 3408855
1028 3419215
1028 3428549
1028 3438909
1028 3448243
1028 3458603
1028 3467937
1028 3478297
1028 3487631
1028 3497991
1028 3507325
1028 3517685
1028 3527019
1028 3537379
1028 3546713
1028 3557073
1028 3566407
1028 3576767
1028 3586101
1028 3596461
1028 3605795
1028 3616155
1028 3625489
1028 3635849
1028 3645183
1028 3655543
1028 3664877
1028 3675237
1028 3684571
1028 3694931
1028 3704265
1028 3714625
1028 3723959
1028 3734319
1028 3743653
1028 3754013
1028 3763347
1028 3773707
1028 3783041
1028 3793401
1028 3802735
1028 3813095
1028 3822429
1028 3832789
1028 3842123
1028 3852483
1028 3861817
1028 3872177
1028 3881511
1028 3891871
1028 3901205
1028 3911565
1028 3920899
1028 3931259
1028 3940593
1028 3950953
1028 3960287
1028 3970647
1028 3979981
1028 3990341
1028 3999675
1028 4010035
1028 4019369
1028 4029729
1028 4039063
1028 4049423
1028 4058757
1028 4069117
1028 4078451
1028 4088811
1028 4098145
1028 4108505
1028 4117839
1028 4128199
1028 4137533
1028 4147893
1028 4157227
1028 4167587
1028 4176921
1028 4187281
1028 4196615
1028 4206975
1028 4216309
1028 4226669
1028 4236003
1028 4246363
1028 4255697
1028 4266057
1028 4275391
1028 4285751
1028 4295085
1028 4305445
1028 4314779
1028 4325139
1028 4334473
1028 4344833
1028 4354167
1028 4364527
1028 4373861
1028 4384221
1028 4403915
1028 4413249
1028 4423609
1028 4432943
1028 4443303
1028 4452637
1028 4462997
1028 4472331
1028 4482691
1028 4492025
1028 4502385
1028 4511719
1028 4522079
1028 4531413
1028 4541773
1028 4551107
1028 4561467
1028 4570801
1028 4581161
1028 4590495
1028 4600855
1028 4610189
1028 4620549
1028 4629883
1028 4640243
1028 4649577
1028 4659937
1028 4669271
1028 4679631
1028 4688965
1028 4699325
1028 4708659
1028 4719019
1028 4728353
1028 4738713
1028 4748047
1028 4758407
1028 4767741
1028 4778101
1028 4787435
1028 4797795
1028 4807129
1028 4817489
1028 4826823
1028 4837183
1028 4846517
1028 4856877
1028 4866211
1028 4876571
1028 4885905
1028 4896265
1028 4905599
1028 4915959
1028 4925293
1028 4935653
1028 4944987
1028 4955347
1028 4964681
1028 4975041
1028 4984375
1028 4994735
1028 5004069
1028 5014429
1028 5023763
1798 12153
1798 21487
1798 31847
1798 41181
1798 51541
1798 60875
1798 71235
1798 80569
1798 90929
1798 100263
1798 110623
1798 119957
1798 130317
1798 139651
1798 150011
1798 159345
1798 169705
1798 179039
1798 189399
1798 198733
1798 209093
1798 218427
1798 228787
1798 238121
1798 248481
1798 257815
1798 268175
1798 277509
1798 287869
1798 297203
1798 307563
1798 316897
1798 327257
1798 336591
1798 346951
1798 356285
1798 366645
1798 375979
1798 386339
1798 395673
1798 406033
1798 415367
1798 425727
1798 435061
1798 445421
1798 454755
1798 465115
1798 474449
1798 484809
1798 494143
1798 504503
1798 513837
1798 524197
1798 533531
1798 543891
1798 553225
1798 563585
1798 572919
1798 583279
1798 592613
1798 602973
1798 612307
1798 622667
1798 632001
1798 642361
1798 651695
1798 662055
1798 671389
1798 681749
1798 691083
1798 701443
1798 710777
1798 721137
1798 730471
1798 740831
1798 750165
1798 760525
1798 769859
1798 780219
1798 789553
1798 799913
1798 809247
1798 819607
1798 828941
1798 839301
1798 848635
1798 858995
1798 868329
1798 878689
1798 888023
1798 898383
1798 907717
1798 918077
1798 927411
1798 937771
1798 947105
1798 957465
1798 966799
1798 977159
1798 986493
1798 996853
1798 1006187
1798 1016547
1798 1025881
1798 1036241
1798 1045575
1798 1055935
1798 1065269
1798 1075629
1798 1084963
1798 1095323
1798 1104657
1798 1115017
1798 1124351
1798 1134711
1798 1144045
1798 1154405
1798 1163739
1798 1174099
1798 1183433
1798 1193793
1798 1203127
1798 1213487
1798 1222821
1798 1233181
1798 1242515
1798 1252875
1798 1262209
1798 1272569
1798 1281903
1798 1292263
1798 1301597
1798 1311957
1798 1321291
1798 1331651
1798 1340985
1798 1351345
1798 1360679
1798 1371039
1798 1380373
1798 1390733
1798 1400067
1798 1410427
1798 1419761
1798 1430121
1798 1439455
1798 1449815
1798 1459149
1798 1469509
1798 1478843
1798 1489203
1798 1498537
1798 1508897
1798 1518231
1798 1528591
1798 1537925
1798 1548285
1798 1557619
1798 1567979
1798 1587673
1798 1597007
1798 1607367
1798 1616701
1798 1627061
1798 1636395
1798 1646755
1798 1656089
1798 1666449
1798 1675783
1798 1686143
1798 1695477
1798 1705837
1798 1715171
1798 1725531
1798 1734865
1798 1745225
1798 1754559
1798 1764919
1798 1774253
1798 1784613
1798 1793947
1798 1804307
1798 1813641
1798 1824001
1798 1833335
1798 1843695
1798 1853029
1798 1863389
1798 1872723
1798 1883083
1798 1892417
1798 1902777
1798 1912111
1798 1922471
1798 1931805
1798 1942165
1798 1951499
1798 1961859
1798 1971193
1798 1981553
1798 1990887
1798 2001247
1798 2010581
1798 2020941
1798 2030275
1798 2040635
1798 2049969
1798 2060329
1798 2069663
1798 2080023
1798 2089357
1798 2099717
1798 2109051
1798 2119411
1798 2128745
1798 2139105
1798 2148439
1798 2158799
1798 2168133
1798 2178493
1798 2187827
1798 2198187
1798 2207521
1798 2217881
1798 2227215
1798 2237575
1798 2246909
1798 2257269
1798 2266603
1798 2276963
1798 2286297
1798 2296657
1798 2305991
1798 2316351
1798 2325685
1798 2336045
1798 2345379
1798 2355739
1798 2365073
1798 2375433
1798 2384767
1798 2395127
1798 2404461
1798 2414821
1798 2424155
1798 2434515
1798 2443849
1798 2454209
1798 2463543
1798 2473903
1798 2483237
1798 2493597
1798 2502931
1798 2513291
1798 2522625
1798 2532985
1798 2542319
1798 2552679
1798 2562013
1798 2572373
1798 2581707
1798 2592067
1798 2601401
1798 2611761
1798 2621095
1798 2631455
1798 2640789
1798 2651149
1798 2660483
1798 2670843
1798 2680177
1798 2690537
1798 2699871
1798 2710231
1798 2719565
1798 2729925
1798 2739259
1798 2749619
1798 2758953
1798 2769313
1798 2778647
1798 2789007
1798 2798341
1798 2808701
1798 2818035
1798 2828395
1798 2837729
1798 2848089
1798 2857423
1798 2867783
1798 2877117
1798 2887477
1798 2896811
1798 2907171
1798 2916505
1798 2926865
1798 2936199
1798 2946559
1798 2955893
1798 2966253
1798 2975587
1798 2985947
1798 2995281
1798 3005641
1798 3014975
1798 3025335
1798 3034669
1798 3045029
1798 3054363
1798 3064723
1798 3074057
1798 3084417
1798 3093751
1798 3104111
1798 3113445
1798 3123805
1798 3133139
1798 3143499
1798 3152833
1798 3163193
1798 3172527
1798 3182887
1798 3192221
1798 3202581
1798 3211915
1798 3222275
1798 3231609
1798 3241969
1798 3251303
1798 3261663
1798 3270997
1798 3281357
1798 3290691
1798 3301051
1798 3310385
1798 3320745
1798 3330079
1798 3340439
1798 3349773
1798 3360133
1798 3369467
1798 3379827
1798 3389161
1798 3399521
1798 3408855
1798 3419215
1798 3428549
1798 3438909
1798 3448243
1798 3458603
1798 3467937
1798 3478297
1798 3487631
1798 3497991
1798 3507325
1798 3517685
1798 3527019
1798 3537379
1798 3546713
1798 3557073
1798 3566407
1798 3576767
1798 3586101
1798 3596461
1798 3605795
1798 3616155
1798 3625489
1798 3635849
1798 3645183
1798 3655543
1798 3664877
1798 3675237
1798 3684571
1798 3694931
1798 3704265
1798 3714625
1798 3723959
1798 3734319
1798 3743653
1798 3754013
1798 3763347
1798 3773707
1798 3783041
1798 3793401
1798 3802735
1798 3813095
1798 3822429
1798 3832789
1798 3842123
1798 3852483
1798 3861817
1798 3872177
1798 3881511
1798 3891871
1798 3901205
1798 3911565
1798 3920899
1798 3931259
1798 3940593
1798 3950953
1798 3960287
1798 3970647
1798 3979981
1798 3990341
1798 3999675
1798 4010035
1798 4019369
1798 4029729
1798 4039063
1798 4049423
1798 4058757
1798 4069117
1798 4078451
1798 4088811
1798 4098145
1798 4108505
1798 4117839
1798 4128199
1798 4137533
1798 4147893
1798 4157227
1798 4167587
1798 4176921
1798 4187281
1798 4196615
1798 4206975
1798 4216309
1798 4226669
1798 4236003
1798 4246363
1798 4255697
1798 4266057
1798 4275391
1798 4285751
1798 4295085
1798 4305445
1798 4314779
1798 4325139
1798 4334473
1798 4344833
1798 4354167
1798 4364527
1798 4373861
1798 4384221
1798 4393555
1798 4403915
1798 4413249
1798 4423609
1798 4432943
1798 4443303
1798 4452637
1798 4462997
1798 4472331
1798 4482691
1798 4492025
1798 4502385
1798 4511719
1798 4522079
1798 4531413
1798 4541773
1798 4551107
1798 4561467
1798 4570801
1798 4581161
1798 4590495
1798 4600855
1798 4610189
1798 4620549
1798 4629883
1798 4640243
1798 4649577
1798 4659937
1798 4669271
1798 4679631
1798 4688965
1798 4699325
1798 4708659
1798 4719019
1798 4728353
1798 4738713
1798 4748047
1798 4758407
1798 4767741
1798 4778101
1798 4787435
1798 4797795
1798 4807129
1798 4817489
1798 4826823
1798 4837183
1798 4846517
1798 4856877
1798 4866211
1798 4876571
1798 4885905
1798 4896265
1798 4905599
1798 4915959
1798 4925293
1798 4935653
1798 4944987
1798 4955347
1798 4964681
1798 4975041
1798 4984375
1798 4994735
1798 5004069
1798 5014429
1798 5023763
3600 12153
3600 21487
3600 31847
3600 41181
3600 51541
3600 60875
3600 71235
3600 80569
3600 90929
3600 100263
3600 110623
3600 119957
3600 130317
3600 139651
3600 150011
3600 159345
3600 169705
3600 179039
3600 189399
3600 198733
3600 209093
3600 218427
3600 228787
3600 238121
3600 248481
3600 257815
3600 268175
3600 277509
3600 287869
3600 297203
3600 307563
3600 316897
3600 327257
3600 336591
3600 346951
3600 356285
3600 366645
3600 375979
3600 386339
3600 395673
3600 406033
3600 415367
3600 425727
3600 435061
3600 445421
3600 454755
3600 465115
3600 474449
3600 484809
3600 494143
3600 504503
3600 513837
3600 524197
3600 533531
3600 543891
3600 553225
3600 563585
3600 572919
3600 583279
3600 592613
3600 602973
3600 612307
3600 622667
3600 632001
3600 642361
3600 651695
3600 662055
3600 671389
3600 681749
3600 691083
3600 701443
3600 710777
3600 721137
3600 730471
3600 740831
3600 750165
3600 760525
3600 769859
3600 780219
3600 789553
3600 799913
3600 809247
3600 819607
3600 828941
3600 839301
3600 848635
3600 858995
3600 868329
3600 878689
3600 888023
3600 898383
3600 907717
3600 918077
3600 927411
3600 937771
3600 947105
3600 957465
3600 966799
3600 977159
3600 986493
3600 996853
3600 1006187
3600 1016547
3600 1025881
3600 1036241
3600 1045575
3600 1055935
3600 1065269
3600 1075629
3600 1084963
3600 1095323
3600 1104657
3600 1115017
3600 1124351
3600 1134711
3600 1144045
3600 1154405
3600 1163739
3600 1174099
3600 1183433
3600 1193793
3600 1203127
3600 1213487
3600 1222821
3600 1233181
3600 1242515
3600 1252875
3600 1262209
3600 1272569
3600 1281903
3600 1292263
3600 1301597
3600 1311957
3600 1321291
3600 1331651
3600 1340985
3600 1351345
3600 1360679
3600 1371039
3600 1380373
3600 1390733
3600 1400067
3600 1410427
3600 1419761
3600 1430121
3600 1439455
3600 1449815
3600 1459149
3600 1469509
3600 1478843
3600 1489203
3600 1498537
3600 1508897
3600 1518231
3600 1528591
3600 1537925
3600 1548285
3600 1557619
3600 1567979
3600 1577313
3600 1587673
3600 1597007
3600 1607367
3600 1616701
3600 1627061
3600 1636395
3600 1646755
3600 1656089
3600 1666449
3600 1675783
3600 1686143
3600 1695477
3600 1705837
3600 1715171
3600 1725531
3600 1734865
3600 1745225
3600 1754559
3600 1764919
3600 1774253
3600 1784613
3600 1793947
3600 1804307
3600 1813641
3600 1824001
3600 1833335
3600 1843695
3600 1853029
3600 1863389
3600 1872723
3600 1883083
3600 1892417
3600 1902777
3600 1912111
3600 1922471
3600 1931805
3600 1942165
3600 1951499
3600 1961859
3600 1971193
3600 1981553
3600 1990887
3600 2001247
3600 2010581
3600 2020941
3600 2030275
3600 2040635
3600 2049969
3600 2060329
3600 2069663
3600 2080023
3600 2089357
3600 2099717
3600 2109051
3600 2119411
3600 2128745
3600 2139105
3600 2148439
3600 2158799
3600 2168133
3600 2178493
3600 2187827
3600 2198187
3600 2207521
3600 2217881
3600 2227215
3600 2237575
3600 2246909
3600 2257269
3600 2266603
3600 2276963
3600 2286297
3600 2296657
3600 2305991
3600 2316351
3600 2325685
3600 2336045
3600 2345379
3600 2355739
3600 2365073
3600 2375433
3600 2384767
3600 2395127
3600 2404461
3600 2414821
3600 2424155
3600 2434515
3600 2443849
3600 2454209
3600 2463543
3600 2473903
3600 2483237
3600 2493597
3600 2502931
3600 2513291
3600 2522625
3600 2532985
3600 2542319
3600 2552679
3600 2562013
3600 2572373
3600 2581707
3600 2592067
3600 2601401
3600 2611761
3600 2621095
3600 2631455
3600 2640789
3600 2651149
3600 2660483
3600 2670843
3600 2680177
3600 2690537
3600 2699871
3600 2710231
3600 2719565
3600 2729925
3600 2739259
3600 2749619
3600 2758953
3600 2769313
3600 2778647
3600 2789007
3600 2798341
3600 2808701
3600 2818035
3600 2828395
3600 2837729
3600 2848089
3600 2857423
3600 2867783
3600 2877117
3600 2887477
3600 2907171
3600 2916505
3600 2926865
3600 2936199
3600 2946559
3600 2955893
3600 2966253
3600 2975587
3600 2985947
3600 2995281
3600 3005641
3600 3014975
3600 3025335
3600 3034669
3600 3045029
3600 3054363
3600 3064723
3600 3074057
3600 3084417
3600 3093751
3600 3104111
3600 3113445
3600 3123805
3600 3133139
3600 3143499
3600 3152833
3600 3163193
3600 3172527
3600 3182887
3600 3192221
3600 3202581
3600 3211915
3600 3222275
3600 3231609
3600 3241969
3600 3251303
3600 3261663
3600 3270997
3600 3281357
3600 3290691
3600 3301051
3600 3310385
3600 3320745
3600 3330079
3600 3340439
3600 3349773
3600 3360133
3600 3369467
3600 3379827
3600 3389161
3600 3399521
3600 3408855
3600 3419215
3600 3428549
3600 3438909
3600 3448243
3600 3458603
3600 3467937
3600 3478297
3600 3487631
3600 3497991
3600 3507325
3600 3517685
3600 3527019
3600 3537379
3600 3546713
3600 3557073
3600 3566407
3600 3576767
3600 3586101
3600 3596461
3600 3605795
3600 3616155
3600 3625489
3600 3635849
3600 3645183
3600 3655543
3600 3664877
3600 3675237
3600 3684571
3600 3694931
3600 3704265
3600 3714625
3600 3723959
3600 3734319
3600 3743653
3600 3754013
3600 3763347
3600 3773707
3600 3783041
3600 3793401
3600 3802735
3600 3813095
3600 3822429
3600 3832789
3600 3842123
3600 3852483
3600 3861817
3600 3872177
3600 3881511
3600 3891871
3600 3901205
3600 3911565
3600 3920899
3600 3931259
3600 3940593
3600 3950953
3600 3960287
3600 3970647
3600 3979981
3600 3990341
3600 3999675
3600 4010035
3600 4019369
3600 4029729
3600 4039063
3600 4049423
3600 4058757
3600 4069117
3600 4078451
3600 4088811
3600 4098145
3600 4108505
3600 4117839
3600 4128199
3600 4137533
3600 4147893
3600 4157227
3600 4167587
3600 4176921
3600 4187281
3600 4196615
3600 4206975
3600 4216309
3600 4226669
3600 4236003
3600 4246363
3600 4255697
3600 4266057
3600 4275391
3600 4285751
3600 4295085
3600 4305445
3600 4314779
3600 4325139
3600 4334473
3600 4344833
3600 4354167
3600 4364527
3600 4373861
3600 4384221
3600 4393555
3600 4403915
3600 4413249
3600 4423609
3600 4432943
3600 4443303
3600 4452637
3600 4462997
3600 4472331
3600 4482691
3600 4492025
3600 4502385
3600 4511719
3600 4522079
3600 4531413
3600 4541773
3600 4551107
3600 4561467
3600 4570801
3600 4581161
3600 4590495
3600 4600855
3600 4610189
3600 4620549
3600 4629883
3600 4640243
3600 4649577
3600 4659937
3600 4669271
3600 4679631
3600 4688965
3600 4699325
3600 4708659
3600 4719019
3600 4728353
3600 4738713
3600 4748047
3600 4758407
3600 4767741
3600 4778101
3600 4787435
3600 4797795
3600 4807129
3600 4817489
3600 4826823
3600 4837183
3600 4846517
3600 4856877
3600 4866211
3600 4876571
3600 4885905
3600 4896265
3600 4905599
3600 4915959
3600 4925293
3600 4935653
3600 4944987
3600 4955347
3600 4964681
3600 4975041
3600 4984375
3600 4994735
3600 5004069
3600 5014429
3600 5023763
