260 903 64
260 6 255 255 260 254 259 254 259 0 0 0
260 7 254 254 260 254 259 254 259 0 0 0
260 8 254 254 260 253 259 252 259 0 0 0
260 9 253 253 260 253 259 252 259 0 0 0
260 10 253 253 260 252 259 251 259 0 0 0
260 11 252 252 260 252 259 251 259 0 0 0
260 12 252 252 260 251 259 250 259 0 0 0
260 13 251 251 260 251 259 250 259 0 0 0
260 14 251 251 260 250 259 249 259 0 0 0
260 15 250 250 260 250 259 249 259 0 0 0
260 16 250 250 260 249 259 248 259 0 0 0
260 17 249 249 260 249 259 248 259 0 0 0
260 18 249 249 260 248 259 247 259 0 0 0
260 19 248 248 260 248 259 247 259 0 0 0
260 20 248 248 260 247 259 246 259 0 0 0
260 21 247 247 260 247 259 246 259 0 0 0
260 22 247 247 260 246 259 245 259 0 0 0
260 23 246 246 260 246 259 245 259 0 0 0
260 24 246 246 260 245 259 244 259 0 0 0
260 25 245 245 260 245 259 244 259 0 0 0
260 26 245 245 260 244 259 243 259 0 0 0
260 27 244 244 260 244 259 243 259 0 0 0
260 28 244 244 260 243 259 242 259 0 0 0
260 29 243 243 259 243 258 242 258 0 0 0
260 30 243 243 260 242 259 241 259 0 0 0
260 30 242 242 260 242 259 241 259 0 0 0
260 30 242 242 260 241 259 240 259 0 0 0
260 30 241 241 260 241 259 240 259 0 0 0
260 30 241 241 260 240 259 239 259 0 0 0
260 29 240 240 259 240 257 239 257 0 0 0
260 28 240 240 259 239 257 238 257 0 0 0
260 27 239 239 259 239 257 238 257 0 0 0
260 26 239 239 259 238 257 237 257 0 0 0
260 25 238 238 259 238 256 237 256 0 0 0
260 24 238 238 259 237 256 236 256 0 0 0
260 24 237 237 259 237 255 236 255 0 0 0
260 24 237 237 259 236 255 235 255 0 0 0
260 25 236 236 259 236 254 235 254 0 0 0
260 26 236 236 259 235 255 235 254 0 0 0
260 27 235 235 259 235 255 235 254 0 0 0
260 27 235 235 259 234 255 233 254 0 0 0
260 27 234 234 259 234 255 233 254 0 0 0
260 27 234 234 259 233 255 233 254 0 0 0
260 27 234 234 259 233 253 233 252 0 0 0
260 26 234 234 259 233 253 232 252 0 0 0
260 25 233 233 259 233 252 232 252 0 0 0
260 26 232 232 259 232 252 232 252 0 0 0
260 26 231 231 259 232 252 231 251 0 0 0
260 26 231 231 259 230 251 230 251 0 0 0
260 26 231 231 259 230 251 230 251 0 0 0
260 26 230 230 259 230 251 230 251 0 0 0
260 25 229 229 259 230 251 230 251 0 0 0
259 25 229 229 258 228 251 227 251 0 0 0
260 25 229 229 259 228 251 227 251 0 0 0
260 25 229 229 259 228 250 227 249 0 0 0
260 25 228 228 259 228 250 227 249 0 0 0
260 25 228 228 259 227 250 227 249 0 0 0
260 25 227 227 259 227 249 226 249 0 0 0
259 25 227 227 258 227 249 226 249 0 0 0
260 25 227 227 259 226 249 226 249 0 0 0
260 24 227 227 259 226 248 225 248 0 0 0
260 25 226 226 259 226 248 225 248 0 0 0
260 25 226 226 259 226 248 225 247 0 0 0
260 25 225 225 259 225 248 225 247 0 0 0
259 25 225 225 258 224 247 223 246 0 0 0
258 25 225 225 257 224 247 223 247 0 0 0
258 24 225 225 257 224 247 223 247 0 0 0
257 24 224 224 256 224 247 223 247 0 0 0
257 24 224 224 256 223 247 223 247 0 0 0
257 24 224 224 256 223 247 223 247 0 0 0
257 24 224 224 256 223 245 222 245 0 0 0
257 24 223 223 256 223 245 222 245 0 0 0
257 24 222 222 256 223 245 222 245 0 0 0
257 25 221 221 256 222 245 222 245 0 0 0
256 26 221 221 255 220 245 220 244 0 0 0
257 27 221 221 256 220 245 220 244 0 0 0
258 28 221 221 257 220 245 220 244 0 0 0
259 29 221 221 258 220 244 220 244 0 0 0
259 29 221 221 258 220 243 219 243 0 0 0
259 29 220 220 258 220 243 219 243 0 0 0
259 29 220 220 258 219 242 219 242 0 0 0
259 29 219 219 258 219 242 219 242 0 0 0
258 28 219 219 257 218 242 217 242 0 0 0
257 27 218 218 256 218 242 217 241 0 0 0
256 26 218 218 255 217 242 217 241 0 0 0
255 26 218 218 254 217 241 217 241 0 0 0
254 26 218 218 253 217 241 217 240 0 0 0
254 26 217 217 253 217 241 217 240 0 0 0
253 26 216 216 252 216 241 216 241 0 0 0
252 27 215 215 251 216 241 216 241 0 0 0
252 27 215 215 251 216 241 215 241 0 0 0
251 27 215 215 250 216 241 215 241 0 0 0
251 27 215 215 250 214 241 213 241 0 0 0
250 27 215 215 249 214 240 213 239 0 0 0
250 26 215 215 249 214 240 213 239 0 0 0
250 25 214 214 249 214 239 213 239 0 0 0
250 26 213 213 249 213 239 213 239 0 0 0
249 26 212 212 248 213 238 213 238 0 0 0
249 26 212 212 248 212 238 211 237 0 0 0
248 26 212 212 247 212 238 211 237 0 0 0
247 26 212 212 246 211 237 211 236 0 0 0
247 25 212 212 246 211 236 211 236 0 0 0
247 24 212 212 246 211 236 210 236 0 0 0
246 23 211 211 245 211 236 210 236 0 0 0
245 24 211 211 244 211 236 210 235 0 0 0
245 24 210 210 244 211 236 210 235 0 0 0
245 24 210 210 244 209 236 209 235 0 0 0
245 24 210 210 244 209 236 209 235 0 0 0
245 24 210 210 244 209 235 209 234 0 0 0
245 24 210 210 244 209 235 209 234 0 0 0
245 24 209 209 244 209 234 209 234 0 0 0
245 23 208 208 244 209 234 208 234 0 0 0
245 24 207 207 244 208 233 208 233 0 0 0
244 24 206 206 243 208 233 208 233 0 0 0
243 24 206 206 242 206 233 206 232 0 0 0
243 24 205 205 242 206 233 206 232 0 0 0
242 24 204 204 241 206 233 205 232 0 0 0
241 24 203 203 240 206 233 205 232 0 0 0
241 24 203 203 240 202 233 202 232 0 0 0
241 25 203 203 240 202 233 202 232 0 0 0
241 26 203 203 240 202 231 202 231 0 0 0
241 27 203 203 240 202 231 202 231 0 0 0
241 28 203 203 240 202 231 202 230 0 0 0
241 28 202 202 240 204 231 203 230 0 0 0
240 28 202 202 239 204 231 203 230 0 0 0
239 28 202 202 238 201 229 200 229 0 0 0
238 28 202 202 237 201 229 200 229 0 0 0
239 27 202 202 238 201 229 200 229 0 0 0
239 26 202 202 238 201 229 200 229 0 0 0
239 25 202 202 238 201 229 200 229 0 0 0
239 25 201 201 238 201 229 201 228 0 0 0
239 25 200 200 238 201 229 201 228 0 0 0
239 25 200 200 238 199 229 199 228 0 0 0
239 25 200 200 238 199 227 199 227 0 0 0
238 24 200 200 237 199 227 199 227 0 0 0
237 25 200 200 236 199 227 199 227 0 0 0
237 26 200 200 236 199 226 198 226 0 0 0
237 26 200 200 236 199 226 198 226 0 0 0
237 26 200 200 236 199 226 198 226 0 0 0
237 26 199 199 236 199 226 198 226 0 0 0
236 26 199 199 235 198 225 197 225 0 0 0
235 25 198 198 234 198 225 197 225 0 0 0
235 25 197 197 234 198 225 197 225 0 0 0
234 25 196 196 233 198 225 197 225 0 0 0
233 25 196 196 232 195 225 194 225 0 0 0
233 25 196 196 232 195 224 194 223 0 0 0
232 25 195 195 231 195 224 194 223 0 0 0
231 25 194 194 230 195 224 194 223 0 0 0
232 24 193 193 231 195 223 194 223 0 0 0
232 25 192 192 231 195 223 194 223 0 0 0
232 26 192 192 231 194 222 194 222 0 0 0
232 26 192 192 231 194 222 194 222 0 0 0
232 26 192 192 231 191 222 191 222 0 0 0
231 27 192 192 230 191 222 191 222 0 0 0
231 28 192 192 230 191 222 191 222 0 0 0
231 29 192 192 230 191 222 191 222 0 0 0
231 29 192 192 230 191 222 191 222 0 0 0
231 29 192 192 230 192 222 192 222 0 0 0
230 29 192 192 229 191 221 190 221 0 0 0
229 29 192 192 228 191 221 190 221 0 0 0
228 28 192 192 227 191 221 190 221 0 0 0
228 27 191 191 227 191 221 190 221 0 0 0
228 26 191 191 227 190 220 189 219 0 0 0
228 25 190 190 227 190 220 189 219 0 0 0
229 24 190 190 228 190 219 189 219 0 0 0
229 23 190 190 228 189 218 188 218 0 0 0
229 24 189 189 228 189 218 188 217 0 0 0
229 24 188 188 228 189 217 188 217 0 0 0
229 24 188 188 228 187 217 187 217 0 0 0
228 25 188 188 227 187 217 187 217 0 0 0
227 26 188 188 226 187 217 186 217 0 0 0
226 27 187 187 225 187 216 186 216 0 0 0
226 27 187 187 225 186 216 185 216 0 0 0
226 27 187 187 225 186 216 185 216 0 0 0
226 27 186 186 225 186 216 185 216 0 0 0
226 27 185 185 225 186 216 185 216 0 0 0
225 26 185 185 224 184 215 183 215 0 0 0
224 25 185 185 223 184 215 183 215 0 0 0
223 24 185 185 222 184 215 183 215 0 0 0
222 24 185 185 221 184 215 183 214 0 0 0
222 24 185 185 221 184 215 183 214 0 0 0
222 25 185 185 221 184 214 183 214 0 0 0
222 25 184 184 221 184 214 183 214 0 0 0
221 25 183 183 220 184 214 183 214 0 0 0
222 25 183 183 221 182 214 181 214 0 0 0
222 25 182 182 221 182 212 181 212 0 0 0
222 24 181 181 221 182 212 181 212 0 0 0
222 24 180 180 221 182 212 181 212 0 0 0
222 24 180 180 221 179 212 179 212 0 0 0
221 24 180 180 220 179 212 179 212 0 0 0
220 24 180 180 219 179 212 179 212 0 0 0
219 24 180 180 218 179 211 179 211 0 0 0
219 24 180 181 218 179 211 179 211 0 0 0
220 25 180 180 219 180 211 179 210 0 0 0
221 26 180 180 220 180 210 179 210 0 0 0
222 26 180 180 221 179 210 179 210 0 0 0
222 26 180 180 221 179 210 179 209 0 0 0
222 26 179 179 221 179 210 179 209 0 0 0
222 26 179 179 221 178 209 178 209 0 0 0
222 25 178 178 221 178 208 177 208 0 0 0
221 25 178 178 220 178 208 177 208 0 0 0
220 25 177 177 219 177 208 177 207 0 0 0
219 24 177 177 218 176 207 175 207 0 0 0
218 25 177 177 217 176 207 175 207 0 0 0
218 26 176 176 217 176 207 175 207 0 0 0
219 27 175 175 218 176 207 175 207 0 0 0
220 28 175 175 219 174 207 174 207 0 0 0
220 28 175 175 219 174 207 174 207 0 0 0
220 28 175 175 219 174 207 173 207 0 0 0
220 28 174 174 219 174 207 173 207 0 0 0
220 28 174 174 219 173 207 172 207 0 0 0
219 27 174 174 218 173 205 172 204 0 0 0
218 26 174 174 217 173 205 172 204 0 0 0
217 25 173 173 216 173 204 172 204 0 0 0
216 24 173 173 215 172 204 171 204 0 0 0
215 23 172 172 214 172 204 171 204 0 0 0
214 24 172 172 213 171 204 170 204 0 0 0
213 25 172 172 212 171 204 170 204 0 0 0
213 26 172 172 212 171 204 170 204 0 0 0
213 27 171 171 212 171 204 170 203 0 0 0
213 27 171 171 212 170 204 169 203 0 0 0
213 27 170 170 212 170 204 169 203 0 0 0
212 27 170 170 211 169 204 169 203 0 0 0
211 27 169 169 210 169 204 168 203 0 0 0
210 26 169 169 209 169 204 168 203 0 0 0
209 25 168 168 208 169 202 168 201 0 0 0
209 25 168 168 208 167 201 167 201 0 0 0
209 25 168 168 208 167 200 167 200 0 0 0
209 25 168 168 208 167 200 167 200 0 0 0
208 25 168 168 207 167 200 167 200 0 0 0
207 25 168 168 206 167 200 166 200 0 0 0
208 25 167 167 207 167 199 166 199 0 0 0
209 24 167 167 208 166 199 166 199 0 0 0
209 23 166 166 208 166 199 166 199 0 0 0
209 24 166 166 208 165 199 165 198 0 0 0
209 25 165 165 208 165 199 165 198 0 0 0
209 26 165 165 208 164 198 164 197 0 0 0
208 27 164 164 207 164 197 164 197 0 0 0
207 27 164 164 206 163 197 163 197 0 0 0
206 27 164 164 205 163 197 163 197 0 0 0
205 27 163 163 204 163 196 163 196 0 0 0
204 27 162 162 203 163 196 163 196 0 0 0
204 26 162 162 203 161 196 161 196 0 0 0
204 25 162 162 203 161 196 161 195 0 0 0
204 26 162 162 203 161 196 161 196 0 0 0
203 27 162 162 202 161 196 160 196 0 0 0
203 28 162 162 202 161 196 160 196 0 0 0
202 29 161 161 201 161 196 160 196 0 0 0
201 29 160 160 200 161 196 160 196 0 0 0
201 29 159 159 200 160 195 160 194 0 0 0
202 29 159 159 201 158 194 158 193 0 0 0
202 29 158 158 201 158 193 158 193 0 0 0
202 28 158 158 201 158 193 158 193 0 0 0
202 27 158 158 201 157 193 157 193 0 0 0
202 26 158 158 201 157 193 157 193 0 0 0
202 25 158 158 201 157 192 157 192 0 0 0
201 25 158 158 200 157 192 157 192 0 0 0
200 25 158 158 199 157 192 157 192 0 0 0
199 24 158 158 198 157 192 157 192 0 0 0
198 23 157 157 197 157 192 157 192 0 0 0
198 24 157 157 197 157 192 156 192 0 0 0
198 25 156 156 197 157 191 156 191 0 0 0
198 26 156 156 197 157 191 156 191 0 0 0
197 27 155 155 196 156 191 156 190 0 0 0
196 28 155 155 195 154 190 154 190 0 0 0
196 29 155 155 195 154 191 154 190 0 0 0
196 30 155 155 195 154 191 153 190 0 0 0
196 31 154 154 195 154 191 153 190 0 0 0
196 32 154 154 195 154 191 153 190 0 0 0
195 32 153 153 194 153 191 152 190 0 0 0
195 32 153 153 194 152 187 152 187 0 0 0
195 32 152 152 194 152 187 152 187 0 0 0
195 32 152 152 194 151 187 151 187 0 0 0
194 31 152 152 193 151 187 151 186 0 0 0
193 30 152 152 192 151 187 151 186 0 0 0
192 29 151 151 191 151 186 150 186 0 0 0
192 28 151 151 191 150 186 150 186 0 0 0
191 27 150 150 190 150 186 150 185 0 0 0
192 27 150 150 191 149 186 149 185 0 0 0
192 27 150 150 191 149 185 149 185 0 0 0
192 27 150 150 191 149 185 149 185 0 0 0
192 27 149 149 191 149 185 149 185 0 0 0
192 28 149 149 191 149 185 148 185 0 0 0
193 28 149 149 192 149 184 148 184 0 0 0
194 28 148 148 193 149 184 148 184 0 0 0
194 28 147 147 193 148 184 147 184 0 0 0
194 28 147 147 193 146 184 146 184 0 0 0
194 27 147 147 193 146 184 146 184 0 0 0
194 26 147 147 193 146 184 145 184 0 0 0
193 25 146 146 192 146 184 145 184 0 0 0
192 24 146 146 191 145 184 144 184 0 0 0
191 23 146 146 190 145 183 144 182 0 0 0
190 22 146 146 189 145 182 144 182 0 0 0
189 23 145 145 188 145 182 144 182 0 0 0
188 24 144 144 187 144 182 143 182 0 0 0
187 25 143 143 186 144 181 143 180 0 0 0
187 26 143 143 186 142 181 142 181 0 0 0
187 27 143 143 186 142 181 142 181 0 0 0
188 28 143 143 187 142 181 142 181 0 0 0
188 28 143 143 187 142 181 142 181 0 0 0
188 28 143 144 187 142 181 142 181 0 0 0
188 28 143 143 187 143 180 142 180 0 0 0
188 28 143 143 187 142 179 142 178 0 0 0
187 27 142 142 186 142 178 142 178 0 0 0
187 26 141 141 186 142 178 141 178 0 0 0
187 25 140 140 186 142 178 141 178 0 0 0
187 24 140 140 186 141 178 140 178 0 0 0
187 24 140 140 186 141 178 140 178 0 0 0
187 24 140 140 186 141 178 140 177 0 0 0
186 24 139 139 185 139 177 139 177 0 0 0
185 24 139 139 184 138 177 137 177 0 0 0
184 23 139 139 183 138 176 137 176 0 0 0
183 23 139 139 182 138 176 137 176 0 0 0
183 23 138 138 182 138 176 137 176 0 0 0
182 23 138 138 181 137 176 137 175 0 0 0
181 23 137 137 180 137 175 137 175 0 0 0
180 23 137 137 179 137 175 137 175 0 0 0
180 23 136 136 179 136 175 135 175 0 0 0
180 24 136 136 179 135 175 135 175 0 0 0
180 25 136 136 179 135 175 135 175 0 0 0
179 26 136 136 178 135 175 135 175 0 0 0
179 27 135 135 178 135 175 135 175 0 0 0
179 28 135 135 178 134 175 133 174 0 0 0
179 29 134 134 178 134 173 133 172 0 0 0
179 30 134 134 178 133 173 133 172 0 0 0
179 31 134 134 178 133 173 133 172 0 0 0
179 31 134 134 178 133 173 133 172 0 0 0
179 31 134 134 178 133 173 133 172 0 0 0
179 31 134 134 178 133 172 133 171 0 0 0
179 31 133 133 178 133 172 133 171 0 0 0
178 30 132 132 177 133 172 132 171 0 0 0
178 29 131 131 177 133 172 132 171 0 0 0
179 28 131 131 178 133 171 132 170 0 0 0
179 27 131 131 178 132 170 132 169 0 0 0
179 27 131 131 178 130 170 130 169 0 0 0
179 27 131 131 178 130 170 130 169 0 0 0
179 26 131 131 178 130 170 130 169 0 0 0
178 25 130 130 177 130 170 130 169 0 0 0
177 25 129 129 176 130 170 130 169 0 0 0
176 25 128 128 175 129 170 129 169 0 0 0
176 25 128 128 175 127 170 127 169 0 0 0
176 25 128 128 175 127 167 127 167 0 0 0
175 25 128 128 174 127 167 127 167 0 0 0
174 25 127 127 173 127 167 127 167 0 0 0
174 26 127 127 173 127 167 127 167 0 0 0
174 26 127 127 173 126 167 125 167 0 0 0
174 26 127 127 173 126 167 125 167 0 0 0
174 26 127 127 173 126 166 125 166 0 0 0
173 26 127 127 172 126 166 125 166 0 0 0
173 25 127 127 172 126 166 125 166 0 0 0
173 24 126 126 172 126 165 125 164 0 0 0
173 23 125 125 172 126 165 125 165 0 0 0
172 22 125 125 171 124 165 123 165 0 0 0
171 22 125 125 170 124 165 123 165 0 0 0
170 22 125 125 169 124 165 123 165 0 0 0
170 23 125 125 169 124 165 123 165 0 0 0
170 24 124 124 169 124 162 123 162 0 0 0
170 24 123 123 169 124 162 123 162 0 0 0
169 24 123 123 168 123 162 122 162 0 0 0
169 25 122 122 168 123 162 122 162 0 0 0
168 25 122 122 167 121 162 121 162 0 0 0
167 25 121 121 166 121 161 121 160 0 0 0
167 25 121 121 166 120 161 120 160 0 0 0
167 25 121 121 166 120 161 120 160 0 0 0
167 24 121 121 166 120 161 120 160 0 0 0
167 23 121 121 166 120 161 120 160 0 0 0
167 24 121 121 166 120 161 120 160 0 0 0
167 25 120 120 166 120 161 120 160 0 0 0
166 26 119 119 165 120 161 119 160 0 0 0
166 27 118 118 165 120 160 119 160 0 0 0
166 27 117 117 165 119 160 119 160 0 0 0
166 27 116 116 165 119 160 119 160 0 0 0
166 27 116 116 165 115 158 114 158 0 0 0
166 27 116 116 165 115 159 114 158 0 0 0
165 26 116 116 164 115 159 114 158 0 0 0
164 25 116 116 163 115 159 114 158 0 0 0
163 24 116 116 162 115 159 114 158 0 0 0
163 23 117 117 162 117 159 116 158 0 0 0
163 24 117 117 162 116 158 115 158 0 0 0
163 24 116 116 162 116 155 115 155 0 0 0
163 24 116 116 162 116 155 115 155 0 0 0
163 24 116 116 162 115 155 115 155 0 0 0
162 24 116 116 161 115 155 115 155 0 0 0
161 24 115 115 160 115 154 115 154 0 0 0
160 24 114 114 159 114 155 114 154 0 0 0
161 25 113 113 160 114 155 114 154 0 0 0
161 26 113 113 160 112 155 112 154 0 0 0
161 26 113 113 160 112 155 112 154 0 0 0
161 26 113 113 160 112 155 112 154 0 0 0
161 26 113 113 160 112 154 112 153 0 0 0
160 26 113 113 159 112 154 112 153 0 0 0
160 25 112 112 159 112 154 112 153 0 0 0
160 25 111 111 159 112 153 111 153 0 0 0
160 25 110 110 159 111 153 111 152 0 0 0
159 24 110 110 158 111 153 111 152 0 0 0
158 23 110 110 157 109 152 109 151 0 0 0
157 24 110 110 156 109 152 108 151 0 0 0
158 25 110 110 157 109 151 108 151 0 0 0
159 25 110 110 158 109 151 108 151 0 0 0
160 25 110 110 159 109 151 108 151 0 0 0
160 26 109 109 159 109 151 108 151 0 0 0
160 26 108 108 159 109 150 108 150 0 0 0
160 26 107 107 159 108 150 108 150 0 0 0
160 26 106 106 159 108 150 108 150 0 0 0
159 26 105 105 158 106 150 106 150 0 0 0
158 25 104 104 157 106 150 106 150 0 0 0
157 24 104 104 156 103 148 103 148 0 0 0
156 23 104 104 155 103 148 103 148 0 0 0
155 23 104 104 154 103 148 103 148 0 0 0
154 23 104 104 153 103 148 103 147 0 0 0
153 24 104 105 152 103 147 103 147 0 0 0
152 25 105 105 151 104 146 103 146 0 0 0
152 26 105 105 151 104 146 103 146 0 0 0
152 26 105 105 151 104 147 103 146 0 0 0
152 26 105 105 151 104 147 103 146 0 0 0
152 26 104 104 151 104 147 103 146 0 0 0
152 26 104 104 151 104 147 103 146 0 0 0
152 26 103 103 151 103 147 102 146 0 0 0
152 26 103 103 151 102 145 101 145 0 0 0
151 26 102 102 150 102 145 101 145 0 0 0
150 26 102 102 149 102 145 101 145 0 0 0
149 27 102 102 148 101 145 101 144 0 0 0
149 28 102 102 148 101 145 101 144 0 0 0
149 29 101 101 148 101 145 101 144 0 0 0
148 30 101 101 147 100 145 99 144 0 0 0
147 31 100 100 146 100 145 99 144 0 0 0
147 32 100 100 146 100 143 99 142 0 0 0
147 33 99 99 146 99 143 99 142 0 0 0
147 34 98 98 146 99 143 99 142 0 0 0
147 35 97 97 146 99 142 99 142 0 0 0
147 35 97 97 146 98 142 97 142 0 0 0
147 35 97 97 146 98 142 97 142 0 0 0
147 35 97 97 146 96 140 96 140 0 0 0
146 35 97 97 145 96 140 96 140 0 0 0
145 34 97 97 144 96 140 96 139 0 0 0
145 33 97 97 144 96 140 96 139 0 0 0
146 32 97 97 145 96 140 96 139 0 0 0
147 31 97 97 146 96 139 95 139 0 0 0
148 30 96 96 147 96 139 95 138 0 0 0
148 29 95 95 147 96 139 95 138 0 0 0
148 28 94 94 147 95 139 95 138 0 0 0
148 27 93 93 147 94 139 94 138 0 0 0
148 26 93 93 147 94 139 94 138 0 0 0
147 25 93 93 146 92 139 92 138 0 0 0
146 24 93 93 145 92 139 91 138 0 0 0
145 25 93 93 144 92 137 91 137 0 0 0
144 25 93 93 143 92 137 91 137 0 0 0
143 25 92 92 142 92 136 91 136 0 0 0
142 26 91 91 141 92 136 91 136 0 0 0
142 26 90 90 141 92 136 92 136 0 0 0
143 26 90 90 142 89 136 89 136 0 0 0
143 26 89 89 142 89 136 89 136 0 0 0
143 26 89 89 142 89 136 89 136 0 0 0
143 25 89 89 142 89 135 89 135 0 0 0
143 24 89 89 142 89 135 89 135 0 0 0
142 25 88 88 141 89 135 89 135 0 0 0
141 25 88 88 140 88 135 87 135 0 0 0
140 25 88 88 139 88 133 87 133 0 0 0
139 26 87 87 138 88 133 87 133 0 0 0
139 26 86 86 138 87 133 87 133 0 0 0
139 26 85 85 138 86 133 86 133 0 0 0
139 26 84 84 138 86 133 86 133 0 0 0
139 26 84 84 138 86 133 86 133 0 0 0
139 25 84 84 138 83 133 83 133 0 0 0
138 24 84 84 137 83 132 83 131 0 0 0
137 23 84 84 136 83 132 83 131 0 0 0
136 24 84 84 135 83 132 83 131 0 0 0
135 24 84 85 134 83 130 83 129 0 0 0
135 24 84 84 134 85 130 85 129 0 0 0
136 24 83 83 135 85 130 85 129 0 0 0
136 24 83 83 135 85 129 85 129 0 0 0
137 25 83 83 136 85 129 85 128 0 0 0
137 25 83 83 136 82 129 82 128 0 0 0
137 25 83 83 136 82 129 82 128 0 0 0
137 25 82 82 136 82 129 82 128 0 0 0
137 25 81 81 136 82 129 82 128 0 0 0
136 26 81 81 135 82 127 82 126 0 0 0
135 26 81 81 134 80 127 79 126 0 0 0
134 26 80 80 133 80 127 79 126 0 0 0
133 26 79 79 132 80 127 79 126 0 0 0
132 26 79 79 131 80 127 79 126 0 0 0
132 25 79 79 131 80 126 79 126 0 0 0
132 26 79 79 131 81 126 80 126 0 0 0
132 27 79 79 131 81 126 80 125 0 0 0
131 27 79 79 130 81 125 80 124 0 0 0
131 27 79 79 130 78 125 77 124 0 0 0
132 28 78 78 131 78 125 77 124 0 0 0
133 29 77 77 132 78 125 77 124 0 0 0
134 30 76 76 133 78 125 77 124 0 0 0
135 31 75 75 134 78 123 77 123 0 0 0
136 32 74 74 135 78 123 77 123 0 0 0
137 33 73 73 136 78 123 77 123 0 0 0
138 34 73 73 137 72 123 72 123 0 0 0
138 34 73 73 137 72 123 72 123 0 0 0
138 34 73 73 137 72 122 72 121 0 0 0
138 34 73 73 137 72 121 72 121 0 0 0
138 34 73 74 137 72 121 72 121 0 0 0
137 33 75 75 136 75 121 75 121 0 0 0
136 32 76 76 135 75 121 75 121 0 0 0
135 31 75 75 134 75 121 75 121 0 0 0
134 30 74 74 133 75 121 75 121 0 0 0
133 29 73 73 132 75 121 74 121 0 0 0
132 28 73 73 131 74 120 73 119 0 0 0
131 27 73 73 130 72 119 71 118 0 0 0
130 26 72 72 129 72 119 71 118 0 0 0
129 25 71 71 128 72 118 71 118 0 0 0
128 25 71 71 127 72 118 71 118 0 0 0
127 25 71 71 126 72 118 71 118 0 0 0
126 24 71 71 125 70 118 70 118 0 0 0
125 23 71 71 124 70 118 70 118 0 0 0
124 24 70 70 123 70 118 70 117 0 0 0
123 24 69 69 122 70 118 70 117 0 0 0
123 24 69 69 122 68 116 68 116 0 0 0
123 24 69 69 122 68 116 68 116 0 0 0
122 24 69 69 121 68 115 68 115 0 0 0
121 24 69 69 120 68 116 68 116 0 0 0
120 24 69 69 119 68 116 68 116 0 0 0
119 24 69 69 118 69 116 69 116 0 0 0
119 24 69 69 118 68 116 67 116 0 0 0
119 25 68 68 118 68 116 67 116 0 0 0
119 25 67 67 118 68 115 67 114 0 0 0
119 25 66 66 118 68 114 67 113 0 0 0
119 25 66 66 118 66 114 65 113 0 0 0
119 25 66 66 118 66 114 65 113 0 0 0
119 25 66 66 118 65 113 65 112 0 0 0
118 25 65 65 117 65 113 65 112 0 0 0
117 25 65 65 116 65 113 65 112 0 0 0
117 25 64 64 116 64 113 64 112 0 0 0
118 25 64 64 117 64 112 64 112 0 0 0
118 25 64 64 117 64 112 64 111 0 0 0
118 26 64 64 117 64 111 64 111 0 0 0
118 26 64 64 117 64 111 64 111 0 0 0
118 26 63 63 117 63 111 63 110 0 0 0
118 26 62 62 117 63 111 63 110 0 0 0
119 26 62 62 118 61 111 60 110 0 0 0
120 25 62 62 119 61 111 60 110 0 0 0
120 25 61 61 119 61 111 60 110 0 0 0
120 25 60 60 119 61 109 60 109 0 0 0
120 25 60 60 119 61 109 60 109 0 0 0
120 25 60 60 119 62 108 61 107 0 0 0
119 24 60 60 118 59 108 59 107 0 0 0
118 25 60 60 117 59 108 59 108 0 0 0
117 26 60 60 116 59 108 59 108 0 0 0
116 26 59 59 115 59 108 59 108 0 0 0
115 26 59 59 114 59 108 59 108 0 0 0
114 26 58 58 113 58 108 58 108 0 0 0
113 26 58 58 112 57 106 56 105 0 0 0
112 26 58 58 111 57 106 56 105 0 0 0
111 26 58 58 110 57 106 56 105 0 0 0
110 25 57 57 109 57 106 56 105 0 0 0
110 24 57 57 109 57 106 56 105 0 0 0
110 25 57 57 109 57 105 57 105 0 0 0
110 26 57 57 109 57 105 57 105 0 0 0
110 26 57 57 109 56 105 56 105 0 0 0
109 26 57 57 108 56 104 55 103 0 0 0
108 26 56 56 107 56 104 55 103 0 0 0
109 26 55 55 108 56 104 55 103 0 0 0
109 25 54 54 108 56 104 55 103 0 0 0
109 25 54 54 108 55 104 54 103 0 0 0
109 25 54 54 108 53 103 52 103 0 0 0
110 24 54 54 109 53 103 52 103 0 0 0
111 23 54 54 110 53 102 52 101 0 0 0
111 24 53 53 110 53 102 52 101 0 0 0
111 24 52 52 110 53 102 52 101 0 0 0
111 24 52 52 110 52 102 52 101 0 0 0
111 24 52 52 110 51 102 51 101 0 0 0
110 24 52 52 109 51 101 51 101 0 0 0
109 24 51 51 108 51 101 51 100 0 0 0
109 24 51 51 108 50 101 49 100 0 0 0
108 24 50 50 107 50 101 49 100 0 0 0
107 24 50 50 106 49 99 49 99 0 0 0
106 25 50 50 105 49 99 49 99 0 0 0
105 26 50 50 104 49 99 49 99 0 0 0
105 26 50 50 104 49 99 49 99 0 0 0
105 26 50 50 104 49 99 48 99 0 0 0
105 26 49 49 104 49 97 48 97 0 0 0
105 26 48 48 104 48 99 48 99 0 0 0
105 25 47 47 104 48 99 48 99 0 0 0
104 24 47 47 103 48 99 47 99 0 0 0
103 24 47 47 102 46 99 46 99 0 0 0
102 24 47 47 101 46 99 46 99 0 0 0
101 24 46 46 100 46 97 46 97 0 0 0
100 24 46 46 99 46 97 46 97 0 0 0
100 23 46 46 99 46 97 46 97 0 0 0
99 24 46 46 98 46 95 45 94 0 0 0
98 24 46 46 97 45 95 44 94 0 0 0
98 24 45 45 97 45 94 44 94 0 0 0
98 25 44 44 97 45 94 44 94 0 0 0
98 25 43 43 97 45 94 44 94 0 0 0
98 25 42 42 97 45 93 44 92 0 0 0
98 25 42 42 97 41 93 41 92 0 0 0
98 25 42 42 97 41 94 41 94 0 0 0
98 26 42 42 97 41 94 41 94 0 0 0
98 27 42 42 97 41 94 41 94 0 0 0
97 28 42 43 96 41 94 41 94 0 0 0
96 28 42 42 95 43 94 43 94 0 0 0
95 28 42 42 94 42 91 42 90 0 0 0
95 28 42 42 94 41 92 41 91 0 0 0
95 28 42 42 94 41 92 41 91 0 0 0
95 28 41 41 94 41 92 41 91 0 0 0
94 28 41 41 93 41 92 41 91 0 0 0
94 28 40 40 93 41 92 41 91 0 0 0
94 28 40 40 93 40 90 40 90 0 0 0
94 27 40 40 93 39 90 38 90 0 0 0
94 26 40 40 93 39 89 38 88 0 0 0
94 25 39 39 93 39 89 38 88 0 0 0
94 24 38 38 93 38 89 37 88 0 0 0
93 23 37 37 92 38 88 37 88 0 0 0
92 23 37 37 91 36 88 36 88 0 0 0
92 23 37 37 91 36 88 36 88 0 0 0
92 24 37 37 91 36 88 36 88 0 0 0
93 25 37 37 92 36 88 36 88 0 0 0
93 26 37 38 92 36 88 36 88 0 0 0
93 26 37 37 92 37 88 37 88 0 0 0
93 26 37 37 92 37 87 36 86 0 0 0
93 26 37 37 92 37 87 36 86 0 0 0
92 26 37 37 91 36 87 35 86 0 0 0
91 25 36 36 90 36 86 35 86 0 0 0
90 26 35 35 89 35 86 35 86 0 0 0
90 27 34 34 89 35 86 34 86 0 0 0
90 27 34 34 89 35 86 34 86 0 0 0
90 27 34 34 89 33 86 32 85 0 0 0
89 27 33 33 88 33 86 32 85 0 0 0
89 27 32 32 88 33 84 32 84 0 0 0
89 26 32 32 88 31 84 31 84 0 0 0
89 25 32 32 88 31 84 31 84 0 0 0
89 24 32 32 88 31 84 30 84 0 0 0
89 25 31 31 88 31 84 30 84 0 0 0
88 26 31 31 87 30 83 30 83 0 0 0
87 27 31 31 86 30 82 30 81 0 0 0
86 27 31 31 85 30 82 30 81 0 0 0
86 27 30 30 85 30 81 30 81 0 0 0
86 27 30 30 85 29 81 28 81 0 0 0
85 27 29 29 84 29 81 28 81 0 0 0
85 26 29 29 84 28 79 28 78 0 0 0
85 25 29 29 84 28 80 28 80 0 0 0
85 25 29 29 84 28 80 28 80 0 0 0
84 25 29 29 83 28 80 28 80 0 0 0
84 25 29 29 83 28 80 27 80 0 0 0
84 25 28 28 83 28 80 27 80 0 0 0
83 24 27 27 82 28 78 27 78 0 0 0
83 25 26 26 82 27 78 26 78 0 0 0
82 26 26 26 81 25 78 24 77 0 0 0
81 27 26 26 80 25 77 24 76 0 0 0
81 27 26 26 80 25 77 24 76 0 0 0
81 27 25 25 80 25 77 24 76 0 0 0
81 27 25 25 80 24 77 24 76 0 0 0
81 27 25 25 80 24 77 24 76 0 0 0
80 27 25 25 79 24 77 24 76 0 0 0
79 27 25 25 78 24 76 24 75 0 0 0
79 27 25 25 78 24 76 24 75 0 0 0
79 27 24 24 78 24 76 24 75 0 0 0
79 26 24 24 78 24 75 23 75 0 0 0
79 25 24 24 78 23 75 22 75 0 0 0
78 24 23 23 77 23 74 22 74 0 0 0
77 24 22 22 76 23 74 22 74 0 0 0
76 24 22 22 75 21 74 20 74 0 0 0
77 25 21 21 76 21 74 20 74 0 0 0
78 25 21 21 77 20 74 20 74 0 0 0
79 25 21 21 78 20 73 20 73 0 0 0
80 25 21 21 79 20 73 20 73 0 0 0
81 25 20 20 80 20 72 20 71 0 0 0
81 24 20 20 80 19 72 18 71 0 0 0
81 25 20 20 80 19 72 18 71 0 0 0
81 25 20 20 80 19 71 18 71 0 0 0
81 25 19 19 80 19 71 18 71 0 0 0
80 26 19 19 79 18 71 18 71 0 0 0
79 26 19 19 78 18 71 18 71 0 0 0
78 26 18 18 77 18 71 18 71 0 0 0
77 26 17 17 76 18 71 18 71 0 0 0
76 26 17 17 75 18 68 17 68 0 0 0
75 25 17 17 74 18 68 17 68 0 0 0
74 24 17 17 73 17 69 17 68 0 0 0
73 24 17 17 72 16 69 16 68 0 0 0
72 24 17 17 71 16 69 15 68 0 0 0
72 25 16 16 71 16 69 15 68 0 0 0
72 26 15 15 71 16 69 15 68 0 0 0
72 26 14 14 71 15 68 15 68 0 0 0
72 26 14 14 71 13 68 12 68 0 0 0
72 26 14 14 71 13 68 12 68 0 0 0
72 26 14 14 71 13 67 12 66 0 0 0
71 25 14 14 70 13 66 12 66 0 0 0
71 26 14 14 70 13 66 12 66 0 0 0
70 26 13 13 69 14 65 13 64 0 0 0
69 26 13 13 68 12 65 12 64 0 0 0
69 26 12 12 68 12 65 12 64 0 0 0
68 26 12 12 67 11 64 10 63 0 0 0
68 25 12 12 67 11 64 10 63 0 0 0
68 24 12 12 67 11 64 10 64 0 0 0
68 25 12 12 67 11 64 10 64 0 0 0
69 26 12 12 68 11 64 10 64 0 0 0
70 26 11 11 69 11 64 10 64 0 0 0
71 26 10 10 70 11 64 10 64 0 0 0
72 26 9 9 71 10 62 10 62 0 0 0
72 26 9 9 71 8 62 8 62 0 0 0
72 25 9 9 71 8 62 8 62 0 0 0
72 24 9 9 71 8 62 8 62 0 0 0
72 23 8 8 71 8 62 8 62 0 0 0
71 23 8 8 70 8 61 7 61 0 0 0
70 23 8 8 69 7 62 7 61 0 0 0
69 23 7 7 68 7 62 7 61 0 0 0
68 23 6 6 67 7 62 7 61 0 0 0
67 23 6 6 66 6 62 5 61 0 0 0
66 23 6 6 65 5 62 5 61 0 0 0
65 23 6 6 64 5 58 4 58 0 0 0
64 23 5 5 63 5 58 4 58 0 0 0
64 24 5 5 63 5 58 4 58 0 0 0
64 24 5 5 63 4 58 4 58 0 0 0
64 24 5 5 63 4 58 4 58 0 0 0
63 24 4 4 62 4 57 4 57 0 0 0
63 24 4 4 62 3 56 2 55 0 0 0
63 25 3 3 62 3 56 2 56 0 0 0
63 26 3 3 62 3 58 2 58 0 0 0
63 26 3 3 62 2 58 2 58 0 0 0
62 26 3 3 61 2 58 2 58 0 0 0
61 26 2 2 60 2 58 2 58 0 0 0
60 26 2 2 59 1 58 0 58 0 0 0
60 25 2 2 59 1 56 0 55 0 0 0
60 24 2 2 59 1 56 0 55 0 0 0
60 24 2 2 59 1 56 0 55 0 0 0
60 24 1 1 59 1 56 0 55 0 0 0
59 23 0 0 58 1 56 1 55 0 0 0
58 24 0 0 57 0 54 0 54 1 0 0
57 24 0 0 56 0 54 0 54 1 0 1
57 24 0 0 56 0 54 0 54 1 0 1
57 24 0 0 56 0 54 0 54 1 0 1
57 24 0 0 56 0 53 0 52 1 0 1
57 25 0 0 56 0 53 0 52 1 0 1
57 25 0 0 56 0 53 0 52 1 0 1
56 25 0 0 55 0 52 0 52 1 0 1
55 25 0 0 54 0 52 0 52 1 0 1
55 25 0 0 54 0 52 0 52 1 0 1
54 24 0 0 53 0 50 0 50 1 0 1
54 23 0 0 53 0 51 0 51 1 0 1
54 24 0 0 53 0 51 0 51 1 0 1
54 25 0 0 53 0 51 0 51 1 0 1
54 25 0 0 53 0 51 0 51 1 0 1
54 25 0 0 53 0 51 0 51 1 0 1
54 25 0 0 53 0 50 0 50 1 0 1
54 25 0 0 53 0 50 0 50 1 0 1
53 24 0 0 52 0 50 0 50 1 0 1
52 24 0 0 51 0 50 0 50 1 0 1
52 24 0 0 51 0 48 0 48 1 0 1
52 24 0 0 51 0 48 0 48 1 0 1
52 24 0 0 51 0 47 0 46 1 0 1
52 24 0 0 51 0 47 0 46 1 0 1
52 24 0 0 51 0 47 0 47 1 0 1
51 24 0 0 50 0 47 0 47 1 0 1
52 24 0 0 51 0 47 0 47 1 0 1
52 23 0 0 51 0 47 0 47 1 0 1
52 24 0 0 51 0 47 0 47 1 0 1
52 25 0 0 51 0 46 0 45 1 0 1
52 25 0 0 51 0 44 0 44 1 0 1
51 25 0 0 50 0 44 0 44 1 0 1
50 25 0 0 49 0 44 0 44 1 0 1
49 25 0 0 48 0 44 0 43 1 0 1
49 24 0 0 48 0 44 0 43 1 0 1
49 25 0 0 48 0 44 0 43 1 0 1
48 25 0 0 47 0 42 0 42 1 0 1
47 25 0 0 46 0 42 0 42 1 0 1
48 25 0 0 47 0 42 0 42 1 0 1
48 25 0 0 47 0 42 0 42 1 0 1
48 24 0 0 47 0 41 0 41 1 0 1
48 23 0 0 47 0 41 0 41 1 0 1
48 23 0 0 47 0 41 0 41 1 0 1
48 23 0 0 47 0 41 0 41 1 0 1
48 23 0 0 47 0 40 0 40 1 0 1
48 23 0 0 47 0 40 0 40 1 0 1
47 23 0 0 46 0 40 0 40 1 0 1
46 23 0 0 45 0 40 0 40 1 0 1
45 23 0 0 44 0 39 0 38 1 0 1
44 23 0 0 43 0 39 0 38 1 0 1
43 23 0 0 42 0 39 0 38 1 0 1
42 23 0 0 41 0 39 0 38 1 0 1
42 22 0 0 41 0 39 0 38 1 0 1
42 21 0 0 41 0 39 0 38 1 0 1
42 22 0 0 41 0 39 0 38 1 0 1
41 23 0 0 40 0 39 0 38 1 0 1
41 23 0 0 40 0 39 0 38 1 0 1
41 23 0 0 40 0 35 0 35 1 0 1
41 23 0 0 40 0 36 0 36 1 0 1
41 23 0 0 40 0 36 0 36 1 0 1
40 23 0 0 39 0 36 0 36 1 0 1
40 23 0 0 39 0 36 0 36 1 0 1
40 23 0 0 39 0 36 0 36 1 0 1
40 23 0 0 39 0 34 0 34 1 0 1
39 23 0 0 38 0 34 0 34 1 0 1
38 23 0 0 37 0 34 0 34 1 0 1
39 23 0 0 38 0 34 0 34 1 0 1
39 23 0 0 38 0 34 0 34 1 0 1
39 22 0 0 38 0 33 0 32 1 0 1
39 21 0 0 38 0 33 0 32 1 0 1
39 22 0 0 38 0 33 0 32 1 0 1
38 23 0 0 37 0 33 0 32 1 0 1
37 24 0 0 36 0 33 0 32 1 0 1
36 24 0 0 35 0 32 0 32 1 0 1
35 24 0 0 34 0 32 0 32 1 0 1
34 24 0 0 33 0 31 0 31 1 0 1
34 24 0 0 33 0 31 0 30 1 0 1
34 23 0 0 33 0 31 0 30 1 0 1
35 23 0 0 34 0 31 0 30 1 0 1
35 23 0 0 34 0 31 0 30 1 0 1
35 23 0 0 34 0 30 0 29 1 0 1
35 23 0 0 34 0 30 0 29 1 0 1
35 22 0 0 34 0 30 0 29 1 0 1
34 22 0 0 33 0 30 0 29 1 0 1
33 22 0 0 32 0 28 0 28 1 0 1
32 21 0 0 31 0 28 0 28 1 0 1
32 22 0 0 31 0 27 0 27 1 0 1
32 22 0 0 31 0 27 0 27 1 0 1
32 22 0 0 31 0 27 0 27 1 0 1
32 22 0 0 31 0 27 0 27 1 0 1
32 22 0 0 31 0 27 0 27 1 0 1
31 21 0 0 30 0 26 0 25 1 0 1
30 20 0 0 29 0 26 0 25 1 0 1
30 21 0 0 29 0 26 0 25 1 0 1
30 22 0 0 29 0 26 0 25 1 0 1
29 22 0 0 28 0 26 0 25 1 0 1
28 22 0 0 27 0 24 0 24 1 0 1
28 22 0 0 27 0 24 0 23 1 0 1
28 22 0 0 27 0 24 0 23 1 0 1
28 21 0 0 27 0 24 0 23 1 0 1
27 20 0 0 26 0 24 0 23 1 0 1
27 19 0 0 26 0 24 0 23 1 0 1
27 19 0 0 26 0 24 0 23 1 0 1
27 19 0 0 26 0 22 0 21 1 0 1
27 18 0 0 26 0 23 0 22 1 0 1
26 18 0 0 25 0 23 0 22 1 0 1
26 18 0 0 25 0 23 0 22 1 0 1
25 18 0 0 24 0 23 0 22 1 0 1
24 18 0 0 23 0 23 0 22 1 0 1
24 18 0 0 23 0 22 0 21 1 0 1
24 18 0 0 23 0 22 0 21 1 0 1
23 18 0 0 22 0 22 0 21 1 0 1
22 18 0 0 22 0 21 0 21 1 0 1
23 17 0 0 22 0 21 0 21 1 0 1
23 18 0 0 22 0 21 0 21 1 0 1
23 18 0 0 22 0 20 0 20 1 0 1
23 18 0 0 22 0 20 0 20 1 0 1
23 18 0 0 22 0 19 0 18 1 0 1
22 18 0 0 21 0 17 0 17 1 0 1
21 18 0 0 20 0 17 0 17 1 0 1
20 18 0 0 19 0 18 0 17 1 0 1
20 18 0 0 19 0 18 0 17 1 0 1
20 18 0 0 19 0 18 0 17 1 0 1
20 15 0 0 19 0 18 0 17 1 0 1
20 15 0 0 19 0 18 0 17 1 0 1
20 15 0 0 19 0 15 0 15 1 0 1
20 15 0 0 19 0 15 0 15 1 0 1
19 15 0 0 18 0 15 0 15 1 0 1
18 16 0 0 17 0 15 0 15 1 0 1
18 16 0 0 17 0 15 0 15 1 0 1
18 16 0 0 17 0 15 0 15 1 0 1
18 16 0 0 17 0 15 0 15 1 0 1
18 16 0 0 17 0 15 0 15 1 0 1
16 14 0 0 16 0 15 0 15 1 0 1
16 14 0 0 15 0 14 0 13 1 0 1
16 13 0 0 15 0 14 0 13 1 0 1
15 13 0 0 14 0 14 0 13 1 0 1
15 13 0 0 14 0 14 0 13 1 0 1
15 13 0 0 14 0 13 0 12 1 0 1
15 13 0 0 14 0 13 0 12 1 0 1
15 11 0 0 14 0 13 0 12 1 0 1
14 11 0 0 13 0 13 0 12 1 0 1
14 11 0 0 13 0 11 0 11 1 0 1
14 11 0 0 13 0 11 0 11 1 0 1
14 11 0 0 13 0 11 0 11 1 0 1
13 11 0 0 12 0 11 0 11 1 0 1
13 10 0 0 12 0 10 0 9 1 0 1
13 9 0 0 12 0 10 0 9 1 0 1
13 10 0 0 12 0 10 0 9 1 0 1
12 10 0 0 11 0 10 0 9 1 0 1
12 10 0 0 11 0 8 0 8 1 0 1
12 10 0 0 11 0 9 0 9 1 0 1
12 10 0 0 11 0 9 0 9 1 0 1
12 10 0 0 11 0 9 0 9 1 0 1
12 10 0 0 11 0 9 0 9 1 0 1
10 8 0 0 10 0 9 0 9 1 0 1
10 8 0 0 9 0 8 0 8 1 0 1
9 6 0 0 8 0 6 0 6 1 0 1
9 6 0 0 8 0 6 0 6 1 0 1
9 6 0 0 8 0 6 0 6 1 0 1
9 6 0 0 8 0 6 0 6 1 0 1
9 6 0 0 8 0 6 0 6 1 0 1
9 6 0 0 8 0 6 0 6 1 0 1
8 5 0 0 7 0 5 0 5 1 0 1
7 5 0 0 6 0 5 0 5 1 0 1
7 5 0 0 6 0 5 0 5 1 0 1
7 5 0 0 6 0 5 0 5 1 0 1
7 5 0 0 6 0 5 0 5 1 0 1
6 5 0 0 6 0 5 0 5 1 0 1
6 5 0 0 6 0 5 0 5 1 0 1
6 4 0 0 5 0 0 0 0 1 0 1
6 4 0 0 5 0 0 0 0 1 0 1
6 4 1 1 5 0 0 0 0 1 0 1
0 0 0 260 260 0 0 0 0 0 0 0
0 0 0 260 260 0 0 0 0 0 0 0
0 0 0 260 260 0 0 0 0 0 0 0
0 0 0 260 260 0 0 0 0 0 0 0
0 0 0 260 260 0 0 0 0 0 0 0
0 0 0 260 260 0 0 0 0 0 0 0
0 0 0 260 260 0 0 0 0 0 0 0
0 0 0 260 260 0 0 0 0 0 0 0
