C 1 0 0 0 0 218 260 1 33 1 39 0 0 39
C 1 0 0 0 0 217 260 1 39 1 40 0 0 40
C 1 0 0 0 0 212 260 1 40 1 45 0 0 45
C 1 0 0 0 0 209 260 1 45 1 48 0 0 48
C 1 0 0 0 0 205 260 1 48 1 52 0 0 52
C 1 0 0 0 0 204 259 1 52 1 52 0 0 52
C 1 0 0 0 0 200 259 1 52 1 57 0 0 57
C 1 0 0 0 0 198 258 1 57 1 59 0 0 59
C 1 0 0 0 0 194 257 1 59 1 63 0 0 63
C 1 0 0 0 0 192 257 1 63 1 65 0 0 65
C 1 0 0 0 0 189 256 1 65 1 68 0 0 68
C 1 0 0 0 0 189 255 1 68 2 68 0 0 68
C 1 0 0 0 0 186 255 2 68 2 71 0 0 71
C 1 0 0 0 0 181 254 2 71 3 76 0 0 76
C 1 0 0 0 0 179 253 3 76 4 78 0 0 78
C 1 0 0 0 0 178 253 4 78 4 78 0 0 78
C 1 0 0 0 0 177 252 4 78 5 80 0 0 80
C 1 0 0 0 0 175 251 5 80 6 82 0 0 82
C 1 0 0 0 0 174 251 6 82 6 83 0 0 83
C 1 0 0 0 0 172 249 6 83 8 85 0 0 85
C 1 0 0 0 0 169 248 8 85 8 88 0 0 88
C 1 0 0 0 0 166 247 8 88 10 91 0 0 91
C 1 0 0 0 0 166 246 10 91 11 91 0 0 91
C 1 0 0 0 0 162 245 11 91 12 95 0 0 95
C 1 0 0 0 0 161 244 12 95 12 96 0 0 96
C 1 0 0 0 0 158 244 12 96 13 99 0 0 99
C 1 0 0 0 0 155 241 13 99 15 102 0 0 102
C 1 0 0 0 0 151 241 15 102 16 106 0 0 106
C 1 0 0 0 0 147 240 16 106 17 110 0 0 110
C 1 0 0 0 0 147 239 17 110 18 110 0 0 110
C 1 0 0 0 0 143 237 18 110 20 114 0 0 114
C 1 0 0 0 0 136 236 20 114 20 121 0 0 121
C 1 0 0 0 0 132 235 20 121 21 125 0 0 125
C 1 0 0 0 0 132 234 21 125 22 125 0 0 125
C 1 0 0 0 0 130 234 22 125 23 127 0 0 127
C 1 0 0 0 0 129 232 23 127 24 128 0 0 128
C 1 0 1 0 0 120 232 24 132 25 132 132 132 130
C 1 1 1 0 0 116 230 25 141 27 132 132 132 141
C 1 1 1 0 0 116 229 27 141 28 132 132 132 141
C 1 1 1 0 0 116 227 28 141 30 132 132 132 141
C 1 1 1 0 0 116 225 30 141 32 132 132 132 141
C 1 1 1 0 0 116 224 32 141 33 132 132 132 141
C 1 1 1 0 0 116 222 33 141 34 132 132 132 141
C 1 1 1 0 0 116 221 34 141 36 132 132 132 141
C 1 1 1 0 0 116 220 36 141 37 132 132 132 141
C 1 1 1 0 0 116 219 37 141 38 132 132 132 141
C 1 1 1 0 0 115 218 38 142 39 132 132 132 142
C 1 1 1 0 0 114 216 39 143 41 132 132 132 143
C 1 1 1 0 0 114 216 41 143 41 132 132 132 143
C 1 1 1 0 0 112 214 41 145 42 132 132 132 145
C 1 1 1 0 0 110 213 42 147 44 132 132 132 147
C 1 1 1 0 0 110 212 44 147 45 132 132 132 147
C 1 1 1 0 0 107 212 45 150 45 132 132 132 150
C 1 1 1 0 0 107 208 45 150 48 132 132 132 150
C 1 1 1 0 0 107 208 48 150 49 132 132 132 150
C 1 1 1 0 0 107 207 49 150 50 132 132 132 150
C 1 1 1 0 0 106 206 50 150 51 132 132 132 150
C 1 1 1 0 0 105 206 51 152 51 132 132 132 152
C 1 1 1 0 0 105 202 51 152 55 132 132 132 152
C 1 1 1 0 0 103 201 55 154 56 132 132 132 154
C 1 1 1 0 0 103 200 56 154 57 132 132 132 154
C 1 1 1 0 0 103 199 57 154 57 132 132 132 154
C 1 1 1 0 0 103 198 57 154 59 132 132 132 154
C 1 1 1 0 0 103 196 59 154 61 132 132 132 154
C 1 1 1 0 0 103 194 61 154 63 132 132 132 154
C 1 1 1 0 0 103 193 63 154 64 132 132 132 154
C 1 1 1 0 0 103 192 63 154 63 132 132 132 154
C 1 1 1 0 0 103 193 62 154 62 132 132 132 154
C 1 1 1 0 0 101 195 61 156 61 132 132 132 156
C 1 1 1 0 0 101 196 54 156 54 132 132 132 156
C 1 1 1 0 0 101 203 53 156 53 132 132 132 156
C 1 1 1 0 0 101 204 52 156 52 132 132 132 156
C 1 1 1 0 0 101 205 52 156 52 132 132 132 156
C 1 1 1 0 0 101 205 47 156 47 132 132 132 156
C 1 1 1 0 0 101 210 46 156 46 132 132 132 156
C 1 1 1 0 0 101 210 45 156 45 132 132 132 156
C 1 1 1 0 0 101 211 44 156 44 132 132 132 156
C 1 1 1 0 0 104 213 42 151 42 132 132 132 151
C 1 1 1 0 0 104 215 42 151 42 132 132 132 151
C 1 1 1 0 0 104 215 36 151 36 132 132 132 151
C 1 1 1 0 0 104 221 34 151 34 132 132 132 151
C 1 1 1 0 0 106 223 33 151 33 132 132 132 151
C 1 1 1 0 0 106 223 32 151 32 132 132 132 151
C 1 1 1 0 0 106 224 31 151 31 132 132 132 151
C 1 1 1 0 0 106 226 23 151 23 132 132 132 151
C 1 1 1 0 0 106 234 23 151 23 132 132 132 151
C 1 1 1 0 0 106 234 22 151 22 132 132 132 151
C 1 1 1 0 0 109 235 20 147 20 132 132 132 147
C 1 1 1 0 0 109 237 17 147 17 132 132 132 147
C 1 1 1 0 0 110 240 16 147 16 132 132 132 147
C 1 1 1 0 0 110 241 13 147 13 132 132 132 147
C 1 1 1 0 0 110 244 12 144 12 132 132 132 144
C 1 1 1 0 0 110 244 11 143 11 132 132 132 143
C 1 1 1 0 0 110 246 6 143 6 132 132 132 143
C 1 1 1 0 0 110 251 5 142 5 132 132 132 142
C 1 1 1 0 0 110 251 3 142 3 132 132 132 142
C 1 1 1 0 1 112 254 1 141 1 132 132 132 141
C 1 1 1 1 1 112 259 1 141 1 132 132 132 141
C 1 1 1 1 1 112 259 1 141 1 132 132 132 141
C 1 1 1 1 1 112 259 1 141 1 132 132 132 141
C 1 1 1 1 1 112 259 1 141 1 132 132 132 141
C 1 1 1 1 1 112 259 1 140 1 132 132 132 140
C 1 1 1 1 1 116 259 1 138 1 132 132 132 138
C 1 1 1 1 1 116 259 1 138 1 132 132 132 138
C 1 1 1 1 1 116 259 1 138 1 132 132 132 138
C 1 1 1 1 1 116 259 1 138 1 132 132 132 138
C 1 1 1 1 1 119 259 1 138 1 132 132 132 138
C 1 1 1 1 1 119 259 1 138 1 132 132 132 138
C 1 1 1 1 1 119 259 1 138 1 132 132 132 138
C 1 1 1 1 1 119 259 1 138 1 132 132 132 138
C 1 1 1 1 1 119 259 1 133 1 132 132 132 133
C 1 1 1 1 1 119 259 1 133 1 132 132 132 133
C 1 1 1 1 1 119 259 1 133 1 132 132 132 133
C 0 1 1 1 1 119 259 1 132 1 132 132 132 132
C 0 1 0 1 1 127 259 1 129 1 129 0 0 130
C 0 1 0 1 1 128 259 1 128 1 128 0 0 129
C 0 1 0 1 1 129 259 1 126 1 126 0 0 128
C 0 1 0 1 1 131 259 1 125 1 125 0 0 126
C 0 1 0 1 1 131 259 1 124 1 124 0 0 125
C 0 1 0 1 1 133 259 1 122 1 122 0 0 124
C 0 1 0 1 1 134 259 1 121 1 121 0 0 122
C 0 1 0 1 1 136 259 1 121 1 121 0 0 121
C 0 1 0 1 1 136 259 1 117 1 117 0 0 121
C 0 1 0 1 1 140 259 1 116 1 116 0 0 117
C 0 1 0 1 1 140 259 1 115 1 115 0 0 116
C 0 1 0 1 1 142 259 1 114 1 114 0 0 115
C 0 1 0 1 1 142 259 1 114 1 114 0 0 114
C 0 1 0 1 1 143 259 1 112 1 112 0 0 114
C 0 1 0 1 1 144 259 1 112 1 112 0 0 112
C 0 1 0 1 1 145 259 1 109 1 109 0 0 112
C 0 1 0 1 1 148 259 1 109 1 109 0 0 109
C 0 1 0 1 1 148 259 1 107 1 107 0 0 109
C 0 1 0 1 1 150 259 1 105 1 105 0 0 107
C 0 1 0 1 1 152 259 1 104 1 104 0 0 105
C 0 1 0 1 1 152 259 1 102 1 102 0 0 104
C 0 1 0 1 1 154 259 1 101 1 101 0 0 102
C 0 1 0 1 1 155 259 1 101 1 101 0 0 101
C 0 1 0 1 1 156 259 1 99 1 99 0 0 101
C 0 1 0 1 1 158 259 1 97 1 97 0 0 99
C 0 1 0 1 1 160 259 1 96 1 96 0 0 97
C 0 1 0 1 1 161 259 1 94 1 94 0 0 96
C 0 1 0 1 1 163 259 1 92 1 92 0 0 94
C 0 1 0 1 1 165 259 1 92 1 92 0 0 92
C 0 1 0 1 1 165 259 1 90 1 90 0 0 92
C 0 1 0 1 1 167 259 1 87 1 87 0 0 90
C 0 1 0 1 1 169 259 1 87 1 87 0 0 87
C 0 1 0 1 1 170 259 1 86 1 86 0 0 87
C 0 1 0 1 1 170 259 1 86 1 86 0 0 86
C 0 1 0 1 1 171 259 1 80 1 80 0 0 86
C 0 1 0 1 1 177 259 1 80 1 80 0 0 80
C 0 1 0 1 1 177 259 1 79 1 79 0 0 80
C 0 1 0 1 1 178 259 1 76 1 76 0 0 79
C 0 1 0 1 1 181 259 1 75 1 75 0 0 76
C 0 1 0 1 1 182 259 1 72 1 72 0 0 75
C 0 1 0 1 1 184 259 1 72 1 72 0 0 72
C 0 1 0 1 1 185 259 1 71 1 71 0 0 72
C 0 1 0 1 1 185 259 1 71 1 71 0 0 71
C 0 1 0 1 1 186 259 1 69 1 69 0 0 71
C 0 1 0 1 1 188 259 1 67 1 67 0 0 69
C 0 1 0 1 1 190 259 1 66 1 66 0 0 67
C 0 1 0 1 1 191 259 1 65 1 65 0 0 66
C 0 1 0 1 1 192 259 1 64 1 64 0 0 65
C 0 1 0 1 1 192 259 1 62 1 62 0 0 64
C 0 1 0 1 1 195 259 1 60 1 60 0 0 62
C 0 1 0 1 1 197 259 1 59 1 59 0 0 60
C 0 1 0 1 1 198 259 1 58 1 58 0 0 59
C 0 1 0 1 1 199 259 1 57 1 57 0 0 58
C 0 1 0 1 1 200 259 1 53 1 53 0 0 57
C 0 1 0 1 1 204 259 1 50 1 50 0 0 53
C 0 1 0 1 1 207 259 1 50 1 50 0 0 50
C 0 1 0 1 1 207 259 1 48 1 48 0 0 50
C 0 1 0 1 1 209 259 1 46 1 46 0 0 48
C 0 1 0 1 1 211 259 1 44 1 44 0 0 46
C 0 1 0 1 1 213 259 1 43 1 43 0 0 44
C 0 1 0 1 1 214 259 1 42 1 42 0 0 43
C 0 1 0 1 1 214 259 1 41 1 41 0 0 42
C 0 1 0 1 1 216 259 1 40 1 40 0 0 41
C 0 1 0 1 1 217 259 1 39 1 39 0 0 40
C 0 1 0 1 1 218 259 1 38 1 38 0 0 39
C 0 1 0 1 1 219 259 1 34 1 34 0 0 38
C 0 1 0 1 1 222 259 1 34 1 34 0 0 34
C 0 1 0 1 1 223 259 1 32 1 32 0 0 34
C 0 1 0 1 1 225 259 1 30 1 30 0 0 32
C 0 1 0 1 1 227 259 1 29 1 29 0 0 30
C 0 1 0 1 1 227 259 1 28 1 28 0 0 29
C 0 1 0 1 1 227 259 1 28 1 28 0 0 28
C 0 1 0 1 1 227 259 1 28 1 28 0 0 28
C 0 1 0 1 1 227 259 1 28 1 28 0 0 28
C 0 1 0 1 1 227 259 1 28 1 28 0 0 28
C 0 1 0 1 1 227 259 1 28 1 28 0 0 28
C 0 1 0 1 1 227 259 1 28 1 28 0 0 28
C 0 1 0 1 1 227 259 1 28 1 28 0 0 28
C 0 1 0 1 1 227 259 1 28 1 28 0 0 28
C 0 1 0 1 1 227 259 1 28 1 28 0 0 28
C 0 1 0 1 1 227 259 1 28 1 28 0 0 28
C 0 1 0 1 1 227 259 1 28 1 28 0 0 28
C 0 1 0 1 1 227 259 1 28 1 28 0 0 28
C 0 1 0 1 1 227 259 1 28 1 28 0 0 28
C 0 1 0 1 1 227 259 1 28 1 28 0 0 28
C 0 1 0 1 1 227 259 1 28 1 28 0 0 28
C 0 1 0 1 1 227 259 1 28 1 28 0 0 28
C 0 1 0 1 1 227 259 1 28 1 28 0 0 28
C 0 1 0 1 1 227 259 1 28 1 28 0 0 28
B 1 28
L 229 259
