258 1240
258 26 255 258 258 255 258 254 258 253 258 253
258 26 255 254 258 255 258 254 258 253 258 253
258 26 255 254 258 255 258 254 258 253 258 253
258 26 254 254 258 255 258 254 258 253 258 252
258 26 254 254 258 254 258 253 258 253 258 252
258 26 253 252 258 254 258 253 258 253 258 251
258 26 253 252 258 254 258 253 258 251 258 251
258 26 252 252 258 254 258 253 258 251 258 250
258 26 252 252 258 253 258 252 258 251 258 250
258 26 251 251 258 253 258 252 258 251 258 249
258 26 251 251 258 252 258 251 258 250 258 249
258 26 250 250 258 252 258 251 258 250 258 248
258 26 250 250 258 252 258 251 258 249 258 248
258 26 249 250 258 252 258 251 258 249 258 247
258 26 249 250 258 251 258 250 258 249 258 247
258 26 248 249 258 251 258 250 258 249 258 246
258 26 248 249 258 250 258 249 258 248 258 246
258 26 247 248 258 250 258 249 258 248 258 245
258 26 247 248 258 250 258 249 258 247 258 245
258 26 246 248 258 250 258 249 258 247 258 244
258 26 246 248 258 249 258 248 258 247 258 244
258 26 245 247 258 249 258 248 258 247 258 243
258 26 245 247 258 248 258 247 258 246 258 243
258 26 244 247 258 248 258 247 258 246 258 242
258 26 244 247 258 248 257 247 257 246 258 242
257 26 243 246 258 248 257 247 257 246 258 241
257 26 243 246 258 247 257 246 257 245 258 241
257 26 242 245 258 247 257 246 257 245 258 240
257 26 242 245 258 247 257 246 257 245 258 240
257 26 241 245 258 247 257 246 257 245 258 239
257 26 241 245 258 246 257 245 257 244 258 239
257 26 240 244 258 246 257 245 257 244 258 238
257 26 240 244 258 246 257 245 257 244 258 238
257 26 239 244 258 246 256 245 256 244 258 237
256 26 239 244 258 245 256 244 256 243 258 237
256 26 238 243 258 245 256 244 256 243 258 236
256 26 238 243 258 244 256 243 256 242 258 236
256 26 237 243 258 244 256 243 256 242 258 235
256 26 237 243 258 244 255 243 255 242 258 235
255 26 236 242 258 244 255 243 255 242 258 234
254 26 237 242 258 243 254 242 254 242 258 234
254 26 236 242 258 243 254 242 254 242 258 234
254 26 235 242 258 243 254 242 254 241 258 233
254 26 234 241 258 243 254 242 254 241 258 232
254 26 236 241 258 242 254 241 254 241 258 232
254 26 235 241 258 242 254 241 254 241 258 232
254 26 235 241 258 242 253 241 253 240 258 232
253 26 234 240 258 242 253 241 253 240 258 232
253 26 236 240 258 241 253 240 253 239 258 232
253 26 235 240 258 241 253 240 253 239 258 232
253 26 234 240 258 241 253 240 253 239 258 232
252 26 233 239 258 241 252 240 252 239 258 231
252 26 234 239 258 240 252 239 252 239 258 231
252 26 233 239 258 240 252 239 252 239 258 231
252 26 234 239 258 240 252 239 252 238 258 231
252 26 233 238 258 240 251 239 251 238 258 231
252 26 233 238 258 239 251 238 251 237 258 231
252 26 232 237 258 239 252 238 252 237 258 230
252 26 234 237 258 239 252 238 252 237 258 230
252 26 233 237 258 239 252 238 252 237 258 230
252 26 233 237 258 238 252 237 252 236 258 230
252 26 232 237 258 238 252 237 252 236 258 230
252 26 233 237 258 238 251 237 251 236 258 230
251 26 232 236 258 238 251 237 251 236 258 230
250 26 231 236 258 237 250 236 250 235 258 229
250 26 230 235 258 237 250 236 250 235 258 228
250 26 231 235 258 237 250 236 250 235 258 228
249 26 230 235 258 237 249 236 249 235 258 228
249 26 230 235 258 236 249 235 249 234 258 228
249 26 229 235 257 236 249 235 249 234 258 227
248 26 229 235 257 236 248 235 248 234 258 227
248 26 228 234 257 236 248 235 248 234 258 226
248 26 230 234 257 235 248 234 248 234 258 226
248 26 229 234 257 235 248 234 248 234 258 226
248 26 228 234 257 235 248 234 248 233 258 226
248 26 227 233 257 235 248 234 248 233 258 225
248 26 229 233 256 235 248 234 248 232 258 225
247 26 228 233 256 234 247 233 247 232 258 225
247 26 228 233 256 234 247 233 247 232 258 225
247 26 227 232 256 234 247 233 247 232 258 225
247 26 228 232 256 233 247 232 247 231 258 225
246 26 227 232 256 233 246 232 246 231 258 225
246 26 227 232 256 233 246 232 246 231 256 225
246 26 226 231 255 233 246 232 246 231 256 224
246 26 225 231 254 232 246 231 246 231 256 223
246 26 224 231 254 232 246 231 246 231 256 222
246 26 227 231 254 232 246 231 246 230 255 222
246 26 226 230 253 232 246 231 246 230 255 222
245 26 226 230 253 231 245 230 245 230 255 222
245 26 225 230 253 231 245 230 245 230 255 222
245 26 224 230 253 231 245 230 245 229 255 222
244 26 223 229 253 231 244 230 244 229 255 221
244 26 226 229 253 231 244 230 244 229 255 221
244 26 225 229 253 230 244 229 244 228 255 221
244 26 226 229 253 230 244 229 244 228 254 221
244 26 225 228 252 230 244 229 244 228 254 221
244 26 224 228 252 230 244 229 244 228 254 221
244 26 223 228 252 230 244 229 244 228 254 221
243 26 224 228 252 229 243 228 243 227 254 221
243 26 223 227 252 229 243 228 243 227 254 221
243 26 222 227 252 229 243 228 243 227 254 220
243 26 221 227 252 229 243 228 243 227 254 219
242 26 223 227 252 228 242 227 242 226 254 219
242 26 222 226 252 228 242 227 242 226 254 219
242 26 222 226 252 227 242 226 242 226 254 219
241 26 221 226 252 227 241 226 241 226 254 219
241 26 221 226 252 227 241 226 241 225 254 219
241 26 220 225 252 227 241 226 241 225 254 218
241 26 222 225 252 227 241 226 241 225 254 218
241 26 221 225 252 226 241 225 241 225 254 218
241 26 221 225 252 226 241 225 241 224 254 218
240 26 220 224 252 226 240 225 240 224 254 218
240 26 220 224 252 226 240 225 240 224 254 218
240 26 219 224 252 226 240 225 240 224 254 217
240 26 220 224 252 224 240 223 240 224 249 217
240 26 219 223 251 224 240 223 240 224 249 217
239 26 220 223 250 224 239 223 239 223 249 217
239 26 219 223 249 224 239 223 239 222 249 217
239 26 218 223 248 224 239 223 239 222 248 216
239 26 217 223 247 224 239 223 239 222 247 215
239 26 218 223 246 224 239 223 239 222 247 215
238 26 217 222 245 224 238 223 238 222 247 215
238 26 217 222 245 223 238 222 238 222 247 215
238 26 216 221 245 223 238 222 238 222 247 214
238 26 216 221 245 223 237 222 237 221 247 214
237 26 215 221 245 223 237 222 237 221 247 213
237 26 218 221 245 222 237 221 237 221 246 213
237 26 217 221 244 222 237 221 237 221 246 213
237 26 217 221 244 221 237 220 237 220 246 213
237 26 216 220 244 221 237 220 237 220 246 213
237 26 215 220 244 221 237 220 237 220 246 213
236 26 214 219 244 221 236 220 236 220 246 212
236 26 216 219 244 221 236 220 236 219 245 212
236 26 215 219 243 221 236 220 236 219 245 212
235 26 215 219 243 220 235 219 235 219 245 212
235 26 214 219 243 220 235 219 235 219 244 212
235 26 213 219 242 220 235 219 235 218 244 211
235 26 212 218 242 220 235 219 235 218 244 210
234 26 214 218 242 219 234 218 234 218 244 210
234 26 213 218 242 219 234 218 234 218 244 210
234 26 214 218 242 219 234 218 234 217 244 210
234 26 213 218 242 219 234 218 234 217 244 210
234 26 212 218 242 218 234 217 234 217 244 210
234 26 211 217 242 218 234 217 234 217 243 209
233 26 213 217 241 218 233 217 233 216 243 209
233 26 212 216 241 218 233 217 233 216 243 209
233 26 212 216 241 217 233 216 233 216 243 209
233 26 211 216 241 217 233 216 233 216 243 209
233 26 213 216 241 217 232 216 232 215 243 209
232 26 212 216 241 217 232 216 232 215 243 209
232 26 212 216 241 217 232 216 232 215 243 209
232 26 211 215 241 217 232 216 232 215 243 209
232 26 213 215 241 217 232 216 232 214 243 209
231 26 212 215 241 217 231 216 231 214 243 209
231 26 211 215 241 216 231 215 231 214 243 209
231 26 210 214 241 216 231 215 231 214 243 208
231 26 211 214 241 215 231 214 231 213 243 208
231 26 210 214 241 215 230 214 230 213 243 208
230 26 209 214 241 215 230 214 230 213 243 207
230 26 208 213 241 215 230 214 230 213 241 206
230 26 209 213 240 214 230 213 230 212 239 206
230 26 208 213 239 214 230 213 230 212 239 206
230 26 207 212 238 214 230 213 230 212 239 205
230 26 206 212 237 214 230 213 230 212 239 204
230 26 209 212 237 212 230 211 230 211 239 204
230 26 208 211 237 212 229 211 229 211 239 204
229 26 207 211 237 212 229 211 229 211 239 204
229 26 206 211 237 212 229 211 229 211 239 204
229 26 207 211 237 212 229 211 229 211 239 204
229 26 206 211 237 212 229 211 229 211 239 204
229 26 205 211 237 212 229 211 229 210 239 203
228 26 204 210 237 212 228 211 228 210 237 202
228 26 206 210 236 211 228 210 228 209 236 202
228 26 205 210 235 211 228 210 228 209 236 202
228 26 206 210 234 210 228 209 228 208 236 202
227 26 205 209 234 210 227 209 227 208 236 202
227 26 204 209 234 210 227 209 227 208 236 202
227 26 203 209 234 210 227 209 227 208 236 201
226 26 204 209 234 210 226 209 226 208 236 201
226 26 203 209 234 210 226 209 226 208 236 201
226 26 202 208 234 209 226 208 226 208 236 200
226 26 201 207 234 209 226 208 226 208 236 199
226 26 200 207 234 209 226 208 226 207 236 198
226 26 199 207 234 208 226 207 226 207 236 197
226 26 200 207 234 208 226 207 226 207 236 197
226 26 199 206 234 208 226 207 226 207 236 197
226 26 203 206 234 208 226 207 226 207 236 197
225 26 202 206 234 208 224 207 224 207 234 197
224 26 204 206 233 208 224 207 224 206 234 197
224 26 203 206 232 208 224 207 224 205 232 197
224 26 203 206 231 207 224 206 224 205 232 197
224 26 202 206 230 207 224 206 224 205 232 197
223 26 203 206 230 206 223 205 223 204 232 197
223 26 202 205 230 206 223 205 223 204 232 197
223 26 202 205 230 206 223 205 223 204 232 197
223 26 201 205 230 206 223 205 223 204 232 197
223 26 203 205 230 206 223 205 223 204 232 197
223 26 202 205 230 206 223 205 223 204 232 197
222 26 201 204 230 205 222 204 222 204 232 197
222 26 200 204 230 205 222 204 222 203 232 197
222 26 202 204 230 205 222 204 222 203 232 197
222 26 201 203 230 204 222 203 222 203 232 197
222 26 200 203 230 204 221 203 221 202 232 197
221 26 199 203 230 204 221 203 221 202 230 197
221 26 201 203 229 204 221 203 221 202 230 197
221 26 200 202 228 204 221 203 221 202 230 197
221 26 199 202 228 204 221 203 221 202 230 197
221 26 198 202 228 204 221 203 221 202 230 196
220 26 199 201 228 203 220 202 220 201 230 196
220 26 198 201 228 203 220 202 220 201 230 196
220 26 199 201 228 202 220 201 220 201 230 196
220 26 198 201 228 201 220 200 220 200 230 196
220 26 197 201 228 201 220 200 220 200 230 195
220 26 196 199 228 201 219 200 219 200 227 194
219 26 199 199 227 201 219 200 219 200 227 194
219 26 198 199 226 201 219 200 219 200 227 194
219 26 197 199 225 201 218 200 218 199 227 194
218 26 196 199 225 201 218 200 218 199 227 194
218 26 197 199 225 199 218 198 218 197 227 194
218 26 196 199 225 199 218 198 218 197 227 194
218 26 196 199 225 199 218 198 218 197 227 194
218 26 195 198 225 199 217 198 217 197 225 193
217 26 195 198 224 199 217 198 217 197 225 193
217 26 194 198 223 199 217 198 217 197 225 192
217 26 194 197 223 199 217 198 217 197 225 192
217 26 193 197 223 199 217 198 217 197 225 191
217 26 193 197 223 198 217 197 217 197 225 191
217 26 192 197 223 197 217 196 217 196 225 190
217 26 195 197 223 197 217 196 217 196 225 190
217 26 194 195 223 197 216 196 216 196 225 190
216 26 194 195 223 197 216 196 216 196 225 190
216 26 193 195 223 197 216 196 216 196 225 190
215 26 193 195 223 195 215 194 215 195 225 190
215 26 192 194 223 195 215 194 215 195 225 190
215 26 193 194 223 195 215 194 215 195 225 190
215 26 192 194 223 195 215 194 215 195 225 190
215 26 192 194 223 195 215 194 215 195 223 190
214 26 191 193 222 195 214 194 214 195 223 189
214 26 193 193 221 195 214 194 214 194 223 189
214 26 192 193 221 195 214 194 214 194 223 189
214 26 192 193 221 194 214 193 214 194 223 189
214 26 191 192 221 194 214 193 214 194 223 189
214 26 192 192 221 194 213 193 213 193 223 189
213 26 191 192 221 194 213 193 213 193 223 189
213 26 191 192 221 193 213 192 213 192 223 189
213 26 190 192 221 193 213 192 213 192 223 188
213 26 190 192 221 193 213 192 213 192 223 188
213 26 189 192 221 193 212 192 212 192 223 187
212 26 190 192 221 193 212 192 212 192 223 187
212 26 189 191 221 193 212 192 212 192 222 187
212 26 189 191 220 193 212 192 212 191 222 187
212 26 188 191 220 193 212 192 212 191 222 186
212 26 190 191 220 192 211 191 211 190 222 186
211 26 189 190 220 192 211 191 211 190 222 186
211 26 190 190 220 191 211 190 211 190 222 186
211 26 189 190 220 191 210 190 210 190 219 186
210 26 189 190 219 191 210 190 210 190 219 186
210 26 188 190 218 191 210 190 210 190 219 186
210 26 188 190 217 191 210 190 210 189 219 186
210 26 187 190 217 191 210 190 210 189 219 185
210 26 186 190 217 190 210 189 210 189 219 184
210 26 185 189 217 190 210 189 210 189 218 183
209 26 188 189 216 190 209 189 209 188 218 183
209 26 187 189 216 190 209 189 209 188 218 183
209 26 187 189 216 189 208 188 208 188 216 183
208 26 186 188 215 189 208 188 208 188 216 183
208 26 185 188 214 189 208 188 208 187 216 183
208 26 184 188 214 189 208 188 208 187 216 182
208 26 186 188 214 189 208 188 208 187 216 182
208 26 185 187 214 188 208 187 208 187 216 182
208 26 184 187 214 188 208 187 208 186 216 182
208 26 183 186 214 188 207 187 207 186 216 181
207 26 185 186 214 188 207 187 207 186 216 181
207 26 184 186 214 188 207 187 207 186 216 181
207 26 184 186 214 187 207 186 207 186 215 181
206 26 183 186 213 187 206 186 206 186 215 181
206 26 184 186 213 186 206 185 206 184 215 181
206 26 183 185 213 186 206 185 206 184 215 181
206 26 184 185 213 186 206 185 206 184 215 181
205 26 183 185 213 186 205 185 205 184 214 181
205 26 184 185 212 186 205 185 205 184 214 181
205 26 183 185 212 186 205 185 205 184 214 181
205 26 182 184 212 186 205 185 205 184 214 180
205 26 181 184 212 186 205 185 205 184 214 179
205 26 181 184 212 186 205 185 205 184 214 179
204 26 180 184 212 185 204 184 204 183 214 178
204 26 179 184 212 184 204 183 204 182 214 177
204 26 178 183 212 184 204 183 204 182 214 176
204 26 181 183 212 184 204 183 204 182 214 176
204 26 180 183 212 184 204 183 204 182 214 176
204 26 179 183 212 184 204 183 204 182 214 176
203 26 178 183 212 184 203 183 203 182 214 176
203 26 179 182 212 183 203 182 203 182 214 176
203 26 178 182 212 183 203 182 203 182 214 176
203 26 179 182 212 182 203 181 203 181 214 176
203 26 178 181 212 182 202 181 202 181 214 176
202 26 177 181 212 182 202 181 202 181 210 175
202 26 176 181 211 182 202 181 202 181 210 174
202 26 179 181 210 182 202 181 202 181 210 174
202 26 178 180 209 182 202 181 202 180 210 174
201 26 179 180 208 182 201 181 201 179 210 174
201 26 178 180 208 182 201 181 201 179 210 174
201 26 177 180 208 181 201 180 201 179 210 174
201 26 176 180 208 181 201 180 201 179 210 174
201 26 178 180 208 180 201 179 201 179 210 174
201 26 177 178 208 180 201 179 201 179 210 174
201 26 176 178 208 180 201 179 201 178 210 174
200 26 175 178 208 180 200 179 200 178 210 173
200 26 177 178 208 179 200 178 200 178 210 173
200 26 176 178 208 179 200 178 200 178 207 173
200 26 176 178 207 178 200 177 200 177 207 173
200 26 175 176 206 178 199 177 199 177 207 173
199 26 176 176 205 178 199 177 199 177 207 173
199 26 175 176 205 178 199 177 199 177 207 173
199 26 176 176 205 178 199 177 199 177 207 173
199 26 175 176 205 178 199 177 199 177 207 173
198 26 174 177 205 177 198 176 198 175 207 172
198 26 173 176 205 177 198 176 198 175 205 171
198 26 173 176 204 177 197 176 197 175 205 171
197 26 172 175 203 177 197 176 197 175 205 170
197 26 174 175 203 177 197 176 197 175 205 170
197 26 173 175 203 177 197 176 197 175 205 170
197 26 174 175 203 176 197 175 197 175 205 170
196 26 173 175 203 176 196 175 196 175 205 170
196 26 172 175 203 176 196 175 196 173 205 170
196 26 171 174 203 175 196 174 196 173 205 169
196 26 170 174 203 175 196 174 196 173 205 168
196 26 169 174 203 175 196 174 196 173 205 167
196 26 173 174 203 175 196 174 196 173 205 167
195 26 172 173 203 175 195 174 195 173 204 167
195 26 172 173 202 175 195 174 195 173 204 167
195 26 171 173 202 175 195 174 195 172 204 167
195 26 170 173 202 173 194 172 194 172 204 167
195 26 169 171 202 173 194 172 194 172 204 167
195 26 171 171 202 173 195 172 195 171 204 167
195 26 170 171 202 173 195 172 195 171 204 167
195 26 169 171 202 172 195 171 195 171 204 167
195 26 168 171 202 172 195 171 195 171 201 166
195 26 171 171 201 172 195 171 195 171 201 166
194 26 170 171 200 172 194 171 194 171 201 166
194 26 170 171 199 172 193 171 193 171 201 166
193 26 169 171 199 172 193 171 193 171 200 166
193 26 169 171 198 171 193 170 193 170 200 166
193 26 168 169 198 171 193 170 193 170 200 166
193 26 169 169 198 171 193 170 193 170 200 166
192 26 168 169 198 171 192 170 192 169 200 166
192 26 169 169 198 170 192 169 192 169 199 166
192 26 168 169 197 170 192 169 192 169 199 166
192 26 167 169 197 170 192 169 192 169 199 165
192 26 166 169 197 170 192 169 192 169 199 164
191 26 168 169 197 170 191 169 191 167 199 164
191 26 167 168 197 170 191 169 191 167 199 164
191 26 167 168 197 169 191 168 191 167 199 164
191 26 166 167 197 169 191 168 191 167 199 164
191 26 167 167 197 169 191 168 191 167 198 164
191 26 166 167 196 169 191 168 191 167 198 164
191 26 166 167 196 168 191 167 191 167 198 164
191 26 165 167 196 168 190 167 190 167 198 163
190 26 165 167 196 167 190 166 190 165 197 163
190 26 164 166 195 167 190 166 190 165 197 162
190 26 165 166 195 167 190 166 190 165 197 162
189 26 164 166 195 167 189 166 189 165 197 162
188 26 164 166 195 167 188 166 188 165 197 162
188 26 163 166 195 167 188 166 188 165 197 161
188 26 162 165 195 167 188 166 188 165 197 160
188 26 161 165 195 167 188 166 188 165 197 159
188 26 164 165 195 165 188 164 188 165 197 159
188 26 163 164 195 165 188 164 188 165 197 159
188 26 163 164 195 165 188 164 188 164 197 159
188 26 162 164 195 165 188 164 188 164 196 159
188 26 164 164 194 165 188 164 188 163 196 159
187 26 163 163 194 165 187 164 187 163 196 159
187 26 162 163 194 165 186 164 186 163 196 159
187 26 161 163 194 165 186 164 186 163 196 159
187 26 161 163 194 164 186 163 186 163 196 159
187 26 160 163 194 164 186 163 186 163 196 158
187 26 160 163 194 164 187 163 187 162 196 158
187 26 159 162 194 164 187 163 187 162 196 157
187 26 161 162 194 164 187 163 187 162 196 157
187 26 160 162 194 164 187 163 187 161 196 157
187 26 161 162 194 163 187 162 187 161 196 157
186 26 160 162 194 163 185 162 185 161 192 157
185 26 160 161 193 163 184 162 184 160 192 157
184 26 159 161 192 163 184 162 184 160 191 157
184 26 159 161 191 161 184 160 184 160 191 157
184 26 158 160 190 161 183 160 183 160 191 156
183 26 159 160 189 161 183 160 183 160 191 156
183 26 158 160 189 161 183 160 183 160 191 156
183 26 159 160 189 161 183 160 183 160 191 156
183 26 158 160 189 161 183 160 183 159 191 156
183 26 158 160 189 161 183 160 183 159 191 156
182 26 157 159 189 160 182 159 182 159 191 155
182 26 156 159 189 160 182 159 182 159 191 154
182 26 155 159 189 160 182 159 182 159 189 153
182 26 154 158 188 160 182 159 182 157 189 152
182 26 153 158 187 160 182 159 182 157 189 151
181 26 156 158 187 158 181 157 181 157 189 151
181 26 155 157 187 158 181 157 181 157 188 151
181 26 157 157 186 158 181 157 181 157 188 151
181 26 156 157 186 158 181 157 181 157 188 151
181 26 155 157 186 158 181 157 181 157 188 151
181 26 154 156 186 158 181 157 181 157 188 151
181 26 155 156 186 157 181 156 181 157 187 151
181 26 154 156 185 157 181 156 181 157 187 151
181 26 155 156 185 157 180 156 180 155 187 151
180 26 154 156 185 157 180 156 180 155 187 151
180 26 153 156 185 157 180 156 180 155 187 151
179 26 152 155 185 157 179 156 179 155 187 150
179 26 154 155 185 157 179 156 179 155 186 150
179 26 153 155 184 157 178 156 178 155 186 150
178 26 153 155 184 156 178 155 178 155 186 150
178 26 152 155 184 156 178 155 178 155 186 150
178 26 151 155 184 156 178 155 178 154 185 149
178 26 150 154 183 156 178 155 178 154 184 148
178 26 149 154 182 155 178 154 178 154 184 147
178 26 148 153 182 155 178 154 178 154 184 146
178 26 153 153 182 155 178 154 178 153 184 146
177 26 152 153 182 155 177 154 177 153 183 146
177 26 152 153 181 154 177 153 177 153 183 146
177 26 151 153 181 154 177 153 177 153 183 146
177 26 151 153 181 154 177 153 177 151 183 146
177 26 150 152 181 154 177 153 177 151 183 146
177 26 151 152 181 154 177 153 177 151 183 146
177 26 150 152 181 154 177 153 177 151 183 146
177 26 150 152 181 153 176 152 176 151 183 146
176 26 149 151 181 152 175 151 175 151 183 146
175 26 149 151 181 152 175 151 175 151 183 146
175 26 148 150 181 152 175 151 175 151 183 146
175 26 148 150 181 152 175 151 175 151 183 146
175 26 147 150 181 151 175 150 175 151 182 145
175 26 147 150 180 150 175 149 175 150 182 145
175 26 146 148 180 150 175 149 175 150 181 144
175 26 149 148 179 150 175 149 175 149 181 144
175 26 148 148 179 150 175 149 175 149 181 144
175 26 148 148 179 149 174 148 174 148 181 144
174 26 147 148 179 149 173 148 173 148 181 144
173 26 147 148 179 149 173 148 173 148 181 144
173 26 146 148 179 149 173 148 173 148 181 144
173 26 146 148 179 149 173 148 173 148 180 144
173 26 145 148 178 149 173 148 173 148 180 143
173 26 148 148 178 149 173 148 173 148 180 143
172 26 147 147 178 149 172 148 172 147 179 143
172 26 146 147 177 149 172 148 172 147 179 143
172 26 145 147 177 148 172 147 172 147 179 143
172 26 145 147 177 148 171 147 171 146 179 143
171 26 144 147 177 148 171 147 171 146 179 142
171 26 146 147 177 148 171 147 171 146 179 142
171 26 145 146 177 148 171 147 171 146 179 142
171 26 146 146 177 148 171 147 171 146 179 142
171 26 145 146 177 148 171 147 171 145 179 142
171 26 144 146 177 147 171 146 171 145 177 142
171 26 143 145 176 147 171 146 171 145 177 141
171 26 142 145 175 146 171 145 171 145 177 140
171 26 141 144 175 146 171 145 171 145 177 139
170 26 143 144 175 146 169 145 169 144 177 139
169 26 142 144 175 146 169 145 169 144 177 139
169 26 144 144 175 146 169 145 169 144 177 139
169 26 143 144 175 145 169 144 169 144 177 139
168 26 142 144 175 144 168 143 168 142 177 139
168 26 141 144 175 144 168 143 168 142 177 139
168 26 142 144 175 144 168 143 168 142 177 139
168 26 141 143 175 144 168 143 168 142 177 139
168 26 140 143 175 144 168 143 168 142 177 138
168 26 139 142 175 144 168 143 168 142 175 137
167 26 142 142 174 143 167 142 167 141 174 137
167 26 141 142 173 143 167 142 167 141 174 137
167 26 142 142 172 143 167 142 167 141 174 137
167 26 141 142 172 143 167 142 167 141 174 137
167 26 140 142 172 143 167 142 167 141 174 137
167 26 139 141 172 143 167 142 167 141 174 137
166 26 139 141 172 142 166 141 166 140 174 137
166 26 138 141 172 142 166 141 166 139 174 136
166 26 137 141 172 141 165 140 165 139 174 135
165 26 136 140 172 141 165 140 165 139 174 134
165 26 139 140 172 141 165 140 165 139 174 134
165 26 138 139 172 141 165 140 165 139 172 134
165 26 137 139 171 141 165 140 165 139 172 134
165 26 136 139 170 141 165 140 165 139 172 134
165 26 137 139 170 140 165 139 165 138 172 134
164 26 136 139 170 140 164 139 164 138 172 134
164 26 137 139 170 140 164 139 164 138 172 134
164 26 136 138 170 140 164 139 164 138 172 134
164 26 138 138 170 140 164 139 164 138 172 134
164 26 137 138 170 140 164 139 164 138 172 134
164 26 136 138 170 139 164 138 164 137 172 134
164 26 135 137 170 139 164 138 164 137 172 133
164 26 136 136 170 139 164 138 164 137 172 133
163 26 135 136 170 139 162 138 162 137 172 133
162 26 136 136 170 136 162 135 162 136 172 133
162 26 135 135 170 136 162 135 162 135 172 133
162 26 135 135 170 136 162 135 162 135 171 133
162 26 134 135 169 136 162 135 162 135 171 132
162 26 133 135 169 136 162 135 162 135 171 131
162 26 132 135 169 136 162 135 162 135 171 130
162 26 134 136 169 136 161 135 161 135 171 130
162 26 133 134 169 136 162 135 162 135 171 130
162 26 134 134 169 136 162 135 162 135 171 130
162 26 133 134 169 136 162 135 162 135 171 130
162 26 134 134 169 134 162 133 162 135 171 130
162 26 133 133 169 134 162 133 162 135 171 130
162 26 133 133 169 134 160 133 160 133 171 130
161 26 132 133 169 134 160 133 160 133 167 130
160 26 133 133 168 134 160 133 160 133 167 130
160 26 132 133 167 134 159 133 159 133 167 130
159 26 132 133 166 134 159 133 159 132 167 130
159 26 131 133 165 134 159 133 159 132 167 129
159 26 132 133 165 134 159 133 159 132 167 129
159 26 131 132 165 134 159 133 159 132 167 129
159 26 132 132 165 133 159 132 159 131 166 129
159 26 131 131 164 133 159 132 159 131 165 129
158 26 131 131 163 133 157 132 157 131 165 129
157 26 130 131 163 133 157 132 157 131 165 128
157 26 131 131 163 132 157 131 157 131 165 128
157 26 130 130 163 132 157 131 157 131 165 128
157 26 130 130 163 131 157 130 157 130 165 128
157 26 129 130 163 131 157 130 157 130 165 127
157 26 130 130 163 131 157 130 157 130 165 127
157 26 129 130 163 131 157 130 157 130 164 127
157 26 131 130 162 131 157 130 157 128 164 127
157 26 130 130 162 131 157 130 157 128 164 127
157 26 129 129 162 131 155 130 155 128 164 127
156 26 128 129 162 131 155 130 155 128 164 126
155 26 129 129 162 131 155 130 155 128 164 126
155 26 128 129 162 131 155 130 155 128 164 126
155 26 127 128 162 130 155 129 155 127 164 125
155 26 126 128 162 129 155 128 155 127 164 124
155 26 126 128 162 129 155 128 155 127 164 124
154 26 125 127 162 129 154 128 154 127 164 123
154 26 126 127 162 128 154 127 154 126 164 123
154 26 125 127 162 128 154 127 154 126 164 123
154 26 124 127 162 128 154 127 154 126 164 122
154 26 123 127 162 128 154 127 154 126 164 121
154 26 124 127 162 128 153 127 153 126 164 121
153 26 123 127 162 128 153 127 153 126 159 121
153 26 125 126 161 128 153 127 153 126 159 121
153 26 124 126 160 127 153 126 153 125 159 121
153 26 126 126 159 127 153 126 153 125 158 121
152 26 125 126 158 126 152 125 152 125 158 121
152 26 125 126 157 126 152 125 152 125 158 121
152 26 124 124 156 126 152 125 152 125 158 121
152 26 125 124 156 126 152 125 152 125 158 121
152 26 124 124 156 126 151 125 151 125 158 121
152 26 124 124 156 124 151 123 151 124 157 121
152 26 123 123 155 124 152 123 152 124 157 121
152 26 124 123 155 124 152 123 152 124 157 121
152 26 123 123 155 124 152 123 152 124 157 121
152 26 123 123 155 124 152 123 152 124 157 121
152 26 122 123 155 124 152 123 152 124 157 120
151 26 122 123 155 124 151 123 151 122 157 120
151 26 121 123 155 124 151 123 151 122 157 119
150 26 122 123 155 124 149 123 149 122 157 119
149 26 121 122 155 124 149 123 149 122 157 119
149 26 121 122 155 124 149 123 149 122 157 119
149 26 120 122 155 124 149 123 149 122 157 118
149 26 121 122 155 123 149 122 149 122 157 118
149 26 120 122 155 123 149 122 149 121 157 118
149 26 120 122 155 123 149 122 149 121 157 118
149 26 119 121 155 123 148 122 148 121 157 117
148 26 121 121 155 122 148 121 148 121 157 117
148 26 120 121 155 122 148 121 148 120 157 117
148 26 120 121 155 121 148 120 148 120 157 117
148 26 119 120 155 121 148 120 148 120 157 117
148 26 118 120 155 121 148 120 148 120 155 116
148 26 117 120 154 121 148 120 148 120 155 115
148 26 119 120 153 121 148 120 148 120 155 115
148 26 118 119 153 121 147 120 147 120 155 115
147 26 118 119 153 121 146 120 146 120 155 115
146 26 117 119 153 120 146 119 146 120 152 115
146 26 118 119 152 119 146 118 146 119 152 115
145 26 117 118 151 119 145 118 145 119 152 115
145 26 118 118 150 119 145 118 145 119 152 115
145 26 117 117 150 119 145 118 145 119 151 115
145 26 117 117 149 119 145 118 145 118 151 115
145 26 116 117 149 118 145 117 145 118 151 114
145 26 117 117 149 118 145 117 145 117 151 114
145 26 116 117 149 118 145 117 145 117 151 114
145 26 115 117 149 118 145 117 145 117 151 113
145 26 114 117 149 118 145 117 145 117 151 112
145 26 115 117 149 117 144 116 144 114 151 112
144 26 114 117 149 117 144 116 144 114 151 112
144 26 116 117 149 117 144 116 144 114 151 112
144 26 115 115 149 117 144 116 144 114 151 112
144 26 115 115 149 117 144 116 144 114 151 112
144 26 114 115 149 117 144 116 144 114 150 112
144 26 114 114 148 116 144 115 144 114 150 112
144 26 113 114 148 116 144 115 144 114 150 111
143 26 114 114 148 114 143 113 143 114 150 111
142 26 113 113 148 114 142 113 142 114 148 111
142 26 114 113 147 114 141 113 141 114 148 111
141 26 113 113 146 114 141 113 141 114 148 111
141 26 112 113 146 114 141 113 141 114 148 110
141 26 111 113 146 115 141 114 141 114 148 109
141 26 112 113 146 115 141 114 141 114 147 109
141 26 111 113 145 114 141 113 141 112 147 109
141 26 112 113 145 113 141 112 141 112 146 109
140 26 111 112 144 113 140 112 140 112 146 109
140 26 112 112 144 113 140 112 140 112 146 109
140 26 111 111 144 113 140 112 140 112 146 109
140 26 112 111 144 112 140 111 140 112 146 109
140 26 111 111 144 112 140 111 140 112 146 109
140 26 112 111 144 112 140 111 140 111 146 109
140 26 111 111 144 112 140 111 140 111 146 109
140 26 110 111 144 112 140 111 140 110 146 108
140 26 109 111 144 112 139 111 139 110 146 107
139 26 108 111 144 111 139 110 139 109 146 106
139 26 107 109 144 111 139 110 139 109 146 105
139 26 109 109 144 111 139 110 139 109 146 105
139 26 108 109 144 111 138 110 138 109 146 105
138 26 107 109 144 111 138 110 138 109 146 105
138 26 106 109 144 110 138 109 138 109 144 104
138 26 109 109 143 110 138 109 138 109 144 104
138 26 108 109 142 110 138 109 138 109 144 104
138 26 109 109 142 109 137 108 137 108 142 104
137 26 108 108 141 109 137 108 137 108 142 104
137 26 109 108 140 109 137 108 137 108 142 104
137 26 108 107 140 109 137 108 137 108 142 104
137 26 109 107 140 109 137 108 137 107 142 104
137 26 108 107 140 109 137 108 137 107 142 104
137 26 107 107 140 109 137 108 137 107 142 104
137 26 106 107 140 108 135 107 135 107 142 104
136 26 107 107 140 108 135 107 135 107 142 104
135 26 106 107 140 108 135 107 135 106 142 104
135 26 106 107 140 108 135 107 135 106 142 104
135 26 105 106 140 108 135 107 135 106 142 103
135 26 105 106 140 108 135 107 135 106 141 103
135 26 104 106 139 107 135 106 135 106 141 102
135 26 106 106 139 107 135 106 135 106 141 102
135 26 105 105 139 107 135 106 135 106 141 102
134 26 105 105 139 107 134 106 134 105 141 102
134 26 104 105 139 106 134 105 134 105 141 102
134 26 104 105 139 105 134 104 134 104 140 102
134 26 103 104 138 105 134 104 134 104 139 101
134 26 104 104 137 105 133 104 133 104 139 101
133 26 103 104 137 105 133 104 133 103 138 101
133 26 103 104 136 105 133 104 133 103 138 101
133 26 102 104 136 105 133 104 133 103 138 100
133 26 102 104 136 105 133 104 133 103 138 100
132 26 101 103 136 104 132 103 132 103 138 99
132 26 101 103 136 104 132 103 132 102 138 99
132 26 100 103 136 104 132 103 132 102 138 98
132 26 103 103 136 104 132 103 132 102 138 98
132 26 102 103 136 103 131 102 131 102 138 98
132 26 101 102 136 103 132 102 132 102 138 98
132 26 100 102 136 103 132 102 132 102 138 98
132 26 101 102 136 102 132 101 132 102 138 98
132 26 100 101 136 102 132 101 132 101 138 98
132 26 100 101 136 102 132 101 132 100 138 98
132 26 99 100 136 102 131 101 131 100 138 97
131 26 99 100 136 102 131 101 131 100 138 97
131 26 98 100 136 102 131 101 131 100 138 96
131 26 100 100 136 101 131 100 131 99 138 96
131 26 99 100 136 101 130 100 130 99 135 96
130 26 98 100 135 100 130 99 130 99 135 96
130 26 97 99 134 100 130 99 130 99 135 95
130 26 99 99 133 100 130 99 130 99 135 95
130 26 98 99 133 100 130 99 130 99 135 95
130 26 99 99 133 100 128 99 128 99 135 95
129 26 98 99 133 100 129 99 129 99 135 95
129 26 99 99 133 99 129 98 129 98 135 95
129 26 98 98 133 99 129 98 129 98 135 95
129 26 97 98 133 99 129 98 129 97 135 95
129 26 96 97 133 99 129 98 129 97 135 94
129 26 96 97 133 99 127 98 127 97 135 94
128 26 95 97 133 99 127 98 127 97 135 93
127 26 97 97 133 98 127 97 127 97 132 93
127 26 96 97 132 98 127 97 127 97 132 93
126 26 96 97 131 98 126 97 126 97 132 93
125 26 95 97 130 98 125 97 125 96 132 93
126 26 94 97 130 98 126 97 126 96 132 92
126 26 93 97 130 98 126 97 126 96 132 91
126 26 96 96 130 97 126 96 126 94 132 91
126 26 95 95 130 97 126 96 126 94 132 91
126 26 94 95 130 97 126 96 126 94 132 91
125 26 93 95 130 97 125 96 125 94 132 91
125 26 93 95 130 97 125 96 125 94 132 91
125 26 92 95 130 96 125 95 125 94 132 90
125 26 94 94 130 95 125 94 125 94 129 90
125 26 93 94 129 95 125 94 125 94 129 90
125 26 93 94 128 94 123 93 123 93 129 90
124 26 92 93 127 94 123 93 123 93 129 90
124 26 92 93 127 94 123 93 123 92 129 90
124 26 91 93 127 94 123 93 123 92 129 89
124 26 93 93 127 94 124 93 124 92 129 89
124 26 92 93 127 94 124 93 124 92 129 89
124 26 91 93 127 93 124 92 124 92 127 89
124 26 90 92 126 93 124 92 124 92 127 88
124 26 92 92 125 93 124 92 124 92 127 88
124 26 91 92 125 93 121 92 121 92 127 88
123 26 90 92 125 92 121 91 121 92 127 88
122 26 89 91 125 92 121 91 121 91 127 87
121 26 91 91 125 92 121 91 121 90 127 87
121 26 90 90 125 92 121 91 121 90 127 87
120 26 90 90 125 92 120 91 120 90 126 87
120 26 89 90 124 92 120 91 120 90 126 87
120 26 90 90 124 92 120 91 120 90 126 87
120 26 89 90 124 92 120 91 120 90 126 87
120 26 89 90 124 90 119 89 119 88 126 87
120 26 88 89 124 90 119 89 119 88 124 86
120 26 88 89 123 90 119 89 119 88 124 86
120 26 87 88 122 90 120 89 120 88 124 85
120 26 89 88 122 90 120 89 120 87 124 85
120 26 88 88 122 90 120 89 120 87 124 85
120 26 87 88 122 89 120 88 120 87 123 85
120 26 86 87 121 89 120 88 120 87 123 84
119 26 87 87 121 89 117 88 117 87 123 84
118 26 86 87 121 88 117 87 117 87 123 84
117 26 88 87 121 88 116 87 116 87 123 84
117 26 87 86 121 88 117 87 117 87 123 84
117 26 86 86 121 88 117 87 117 86 123 84
117 26 85 86 121 88 117 87 117 86 123 83
117 26 84 86 121 87 117 86 117 86 123 82
117 26 83 86 121 87 117 86 117 85 123 81
117 26 83 86 121 87 116 86 116 85 123 81
116 26 82 86 121 87 116 86 116 85 123 80
116 26 83 86 121 87 116 86 116 85 123 80
116 26 82 86 121 87 116 86 116 85 123 80
116 26 85 86 121 86 116 85 116 84 123 80
116 26 84 85 121 86 116 85 116 84 123 80
116 26 83 85 121 86 116 85 116 84 123 80
116 26 82 84 121 86 116 85 116 84 123 80
115 26 83 84 121 86 114 85 114 84 123 80
114 26 82 84 121 85 113 84 113 84 123 80
114 26 83 84 121 84 114 83 114 84 123 80
114 26 82 83 121 84 114 83 114 84 121 80
114 26 83 83 120 84 114 83 114 83 121 80
114 26 82 82 119 84 114 83 114 83 121 80
114 26 83 82 119 84 114 83 114 83 121 80
113 26 82 82 119 84 112 83 112 83 121 80
112 26 82 82 119 84 112 83 112 82 121 80
112 26 81 82 119 83 112 82 112 82 121 79
112 26 82 82 119 83 112 82 112 81 121 79
112 26 81 81 119 83 112 82 112 81 121 79
111 26 81 81 119 82 111 81 111 81 121 79
111 26 80 80 119 82 111 81 111 81 121 78
111 26 81 80 119 81 111 80 111 80 121 78
111 26 80 79 119 81 111 80 111 80 121 78
111 26 80 79 119 81 111 80 111 80 121 78
111 26 79 79 119 81 111 80 111 80 121 77
111 26 80 79 119 81 110 80 110 79 118 77
110 26 79 79 118 81 110 80 110 79 118 77
110 26 78 79 117 80 110 79 110 78 118 76
110 26 77 79 116 80 110 79 110 78 118 75
110 26 80 79 116 80 110 79 110 78 118 75
110 26 79 78 116 80 110 79 110 78 118 75
110 26 78 78 116 80 110 79 110 78 115 75
110 26 77 78 115 80 110 79 110 78 115 75
110 26 78 78 114 80 108 79 108 78 115 75
109 26 77 78 113 79 108 78 108 78 115 75
108 26 79 78 113 79 108 78 108 78 115 75
108 26 78 77 113 78 108 77 108 76 113 75
108 26 77 77 112 78 108 77 108 76 113 75
108 26 76 77 111 78 108 77 108 76 113 74
108 26 77 77 111 78 108 77 108 75 113 74
108 26 76 76 111 78 108 77 108 75 113 74
108 26 75 76 111 77 108 76 108 75 113 73
108 26 74 76 111 77 107 76 107 75 113 72
107 26 76 76 111 76 106 75 106 75 113 72
106 26 75 75 111 76 105 75 105 75 113 72
106 26 76 75 111 76 106 75 106 75 113 72
106 26 75 75 111 76 106 75 106 75 113 72
106 26 74 75 111 76 106 75 106 74 113 72
106 26 73 75 111 75 106 74 106 74 113 71
106 26 74 75 111 75 106 74 106 74 113 71
105 26 73 74 111 75 105 74 105 74 113 71
105 26 73 74 111 75 105 74 105 74 113 71
105 26 72 74 111 75 105 74 105 74 113 70
105 26 73 74 111 75 105 74 105 74 113 70
105 26 72 74 111 74 104 73 104 74 113 70
104 26 72 74 111 74 104 73 104 73 113 70
104 26 71 72 111 74 104 73 104 73 112 69
104 26 74 72 110 74 104 73 104 73 109 69
104 26 73 72 109 74 104 73 104 73 109 69
104 26 73 72 108 73 104 72 104 72 109 69
104 26 72 71 107 73 104 72 104 72 109 69
104 26 72 71 107 73 104 72 104 72 109 69
104 26 71 71 107 73 104 72 104 71 109 69
103 26 70 71 107 72 103 71 103 71 109 68
103 26 69 71 107 72 103 71 103 71 109 67
103 26 71 71 107 72 102 71 102 71 109 67
102 26 70 71 107 72 102 71 102 71 109 67
102 26 70 71 107 71 102 70 102 69 108 67
102 26 69 70 106 71 101 70 101 69 108 67
102 26 71 70 106 71 102 70 102 69 106 67
102 26 71 70 105 71 102 70 102 69 106 67
102 26 70 70 104 71 102 70 102 69 106 67
102 26 69 70 104 71 102 70 102 69 106 67
102 26 69 69 104 71 102 70 102 69 106 67
102 26 68 69 104 71 100 70 100 69 106 66
101 26 70 69 104 69 100 68 100 69 106 66
100 26 69 68 104 69 100 68 100 68 105 66
100 26 68 68 103 69 99 68 99 68 105 66
100 26 67 67 103 69 100 68 100 66 105 65
100 26 68 67 103 69 100 68 100 66 105 65
100 26 67 67 103 69 100 68 100 66 105 65
100 26 66 67 103 69 100 68 100 66 105 64
100 26 65 67 103 67 100 66 100 66 105 63
99 26 66 67 103 67 98 66 98 66 105 63
98 26 65 66 103 67 98 66 98 66 105 63
98 26 66 66 103 67 98 66 98 66 102 63
98 26 65 66 102 67 98 66 98 66 102 63
98 26 64 65 101 67 98 66 98 66 102 62
97 26 63 65 100 66 97 65 97 66 102 61
97 26 64 65 100 66 97 65 97 66 102 61
97 26 63 64 100 66 97 65 97 66 101 61
97 26 65 64 99 65 97 64 97 63 101 61
97 26 64 64 99 65 97 64 97 63 101 61
96 26 65 64 99 65 96 64 96 63 101 61
96 26 64 64 99 64 96 63 96 63 101 61
96 26 63 64 99 64 95 63 95 63 101 61
95 26 62 63 99 64 95 63 95 63 101 60
95 26 61 63 99 64 95 63 95 63 101 59
95 26 60 63 99 64 95 63 95 63 101 58
95 26 59 63 99 63 95 62 95 63 101 57
95 26 58 61 99 63 95 62 95 63 101 56
95 26 57 61 99 63 95 62 95 61 100 55
95 26 56 61 98 63 95 62 95 61 100 54
95 26 63 61 98 63 94 62 94 61 99 54
94 26 62 61 97 62 94 61 94 61 99 54
94 26 62 61 97 62 94 61 94 61 99 54
94 26 61 61 97 62 94 61 94 61 99 54
94 26 61 61 97 62 94 61 94 61 99 54
94 26 60 61 97 62 93 61 93 61 99 54
93 26 61 61 97 61 93 60 93 61 98 54
93 26 60 60 96 61 93 60 93 61 98 54
93 26 59 60 96 61 93 60 93 59 98 54
92 26 58 60 96 61 92 60 92 59 98 54
92 26 61 60 96 61 92 60 92 59 98 54
92 26 60 60 96 61 92 60 92 59 98 54
92 26 60 60 96 60 92 59 92 59 98 54
91 26 59 58 96 60 91 59 91 58 98 54
91 26 60 58 96 60 91 59 91 58 98 54
91 26 59 58 96 60 91 59 91 58 98 54
91 26 60 58 96 59 91 58 91 58 98 54
91 26 59 57 96 59 91 58 91 58 98 54
91 26 58 57 96 59 91 58 91 57 98 54
91 26 57 57 96 59 91 58 91 57 98 54
91 26 58 57 96 59 91 58 91 57 98 54
91 26 57 57 96 58 91 57 91 57 98 54
90 26 58 57 96 58 89 57 89 57 98 54
89 26 57 57 96 58 89 57 89 57 98 54
89 26 56 57 96 58 89 57 89 57 98 54
89 26 55 57 96 57 89 56 89 57 98 53
89 26 57 57 96 57 89 56 89 57 98 53
89 26 57 55 96 57 88 56 88 57 98 53
89 26 56 55 96 57 89 56 89 54 98 53
89 26 55 55 96 57 89 56 89 54 98 53
89 26 56 55 96 55 89 54 89 54 94 53
89 26 55 53 95 55 89 54 89 54 94 53
89 26 55 53 94 55 89 54 89 54 94 53
89 26 54 53 93 55 87 54 87 54 94 52
88 26 55 53 92 54 87 53 87 54 94 52
87 26 54 52 92 54 87 53 87 54 94 52
87 26 54 52 92 54 87 53 87 53 94 52
87 26 53 52 92 54 87 53 87 53 94 51
87 26 53 52 92 53 87 52 87 53 94 51
87 26 52 52 92 53 87 52 87 53 94 50
87 26 53 52 92 53 87 52 87 53 94 50
86 26 53 52 92 53 86 52 86 53 94 50
86 26 52 52 92 53 86 52 86 52 94 50
86 26 51 52 92 55 86 54 86 52 94 49
86 26 52 53 92 54 86 53 86 51 94 49
86 26 51 53 92 53 86 52 86 51 94 49
86 26 52 53 92 53 86 52 86 51 90 49
86 26 51 51 91 53 86 52 86 51 90 49
86 26 52 51 90 53 86 52 86 51 89 49
85 26 51 51 89 53 85 52 85 51 89 49
85 26 50 51 88 53 85 52 85 51 89 48
85 26 49 51 87 52 85 51 85 51 89 47
85 26 50 51 87 51 85 50 85 48 89 47
85 26 49 51 87 51 82 50 82 48 89 47
85 26 51 50 87 51 82 50 82 48 89 47
85 26 50 49 87 51 82 50 82 48 89 47
85 26 49 49 87 51 82 50 82 48 89 47
85 26 48 49 87 51 82 50 82 48 89 46
85 26 50 48 87 50 82 49 82 48 89 46
85 26 49 48 87 49 82 48 82 48 89 46
85 26 49 48 87 49 85 48 85 48 87 46
85 26 48 48 86 49 85 48 85 48 87 46
85 26 48 48 85 48 85 47 85 46 87 46
85 26 47 48 85 48 85 47 85 46 87 45
85 26 48 48 85 48 85 47 85 46 87 45
84 26 48 47 85 48 80 47 80 46 86 45
83 26 47 47 84 48 80 47 80 46 86 45
82 26 46 46 84 48 80 47 80 46 86 44
81 26 46 46 84 48 79 47 79 46 86 44
80 26 45 46 84 48 79 47 79 46 86 43
79 26 45 46 84 46 79 45 79 46 86 43
79 26 44 45 84 46 79 45 79 46 86 42
78 26 45 45 84 46 78 45 78 46 86 42
78 26 44 45 84 46 78 45 78 47 86 42
78 26 45 45 84 46 78 45 78 47 86 42
78 26 44 45 84 46 78 45 78 46 86 42
78 26 43 45 84 46 78 45 78 44 86 41
78 26 42 45 84 45 78 44 78 44 86 40
78 26 43 45 84 45 78 44 78 44 86 40
77 26 42 43 84 45 76 44 76 44 86 40
76 26 44 43 84 45 76 44 76 44 86 40
76 26 43 43 84 45 76 44 76 44 86 40
76 26 45 43 84 45 76 44 76 44 86 40
76 26 44 43 84 43 76 42 76 44 84 40
76 26 43 43 83 43 76 42 76 43 84 40
76 26 43 41 82 43 76 42 76 43 84 40
76 26 42 41 82 43 76 42 76 43 84 40
76 26 41 41 82 43 76 42 76 43 84 39
76 26 43 41 82 41 76 40 76 41 80 39
76 26 42 40 81 41 76 40 76 41 80 39
76 26 41 40 80 41 76 40 76 41 80 39
76 26 40 40 79 41 74 40 74 41 79 38
76 26 42 40 78 41 74 40 74 41 79 38
76 26 41 40 77 43 74 42 74 41 79 38
76 26 40 41 77 41 74 40 74 38 79 38
76 26 39 40 77 41 76 40 76 38 79 37
76 26 41 40 77 41 76 40 76 38 79 37
76 26 40 39 77 41 76 40 76 38 79 37
76 26 39 39 77 41 76 40 76 38 79 37
76 26 38 39 77 41 76 40 76 38 79 36
76 26 38 38 77 41 73 40 73 38 79 36
75 26 37 38 77 41 73 40 73 38 79 35
74 26 40 38 77 39 73 38 73 38 79 35
73 26 39 37 77 38 73 37 73 38 79 35
72 26 38 37 77 38 72 37 72 38 79 35
72 26 38 37 77 38 71 37 71 38 79 35
71 26 38 37 77 38 71 37 71 38 78 35
71 26 37 37 76 38 71 37 71 38 78 35
71 26 38 37 76 38 71 37 71 37 78 35
71 26 37 37 76 38 71 37 71 37 78 35
71 26 36 37 76 38 71 37 71 37 78 34
70 26 35 37 76 37 70 36 70 34 78 33
71 26 37 37 76 37 71 36 71 34 75 33
71 26 36 37 75 37 71 36 71 34 75 33
71 26 36 37 74 37 71 36 71 34 75 33
71 26 35 35 73 37 71 36 71 34 75 33
71 26 34 35 73 37 71 36 71 34 75 32
70 26 33 35 73 37 70 36 70 34 75 31
70 26 33 35 73 37 70 36 70 34 74 31
70 26 32 34 72 36 70 35 70 34 74 30
70 26 36 33 72 36 70 35 70 34 74 30
70 26 35 33 72 36 68 35 68 34 74 30
70 26 35 33 72 33 70 32 70 34 74 30
70 26 34 32 72 33 70 32 70 33 74 30
70 26 33 32 72 33 70 32 70 33 74 30
70 26 33 32 72 33 70 32 70 33 74 30
70 26 34 32 72 33 70 32 70 33 74 30
69 26 33 32 72 34 67 33 67 32 74 30
68 26 32 33 72 33 67 32 67 30 71 30
67 26 31 33 71 33 66 32 66 30 71 29
67 26 33 32 70 33 66 32 66 30 71 29
67 26 32 31 69 33 67 32 67 30 71 29
67 26 31 31 69 32 67 31 67 30 71 29
67 26 30 31 69 32 67 31 67 30 71 28
67 26 32 30 69 32 67 31 67 30 71 28
67 26 31 30 69 32 67 31 67 30 71 28
67 26 32 30 69 32 65 31 65 30 71 28
66 26 31 30 69 30 65 29 65 30 70 28
66 26 30 30 68 30 66 29 66 30 70 28
66 26 30 29 68 30 66 29 66 31 70 28
66 26 30 29 68 30 66 29 66 30 70 28
66 26 29 29 68 30 66 29 66 30 70 27
66 26 30 29 68 30 66 29 66 30 70 27
66 26 29 28 68 29 66 28 66 30 68 27
66 26 28 28 67 29 66 28 66 30 68 26
66 26 27 28 66 29 63 28 63 28 68 25
65 26 29 28 66 29 63 28 63 28 68 25
64 26 28 28 66 29 63 28 63 28 68 25
63 26 29 28 66 29 62 28 62 28 68 25
62 26 28 28 66 28 62 27 62 28 68 25
62 26 28 28 66 28 62 27 62 28 68 25
62 26 27 26 66 28 62 27 62 28 68 25
62 26 27 26 66 28 62 27 62 28 68 25
61 26 26 26 66 28 60 27 60 28 68 24
62 26 28 26 66 29 61 28 61 27 68 24
62 26 27 26 66 29 61 28 61 27 67 24
62 26 26 26 65 27 61 26 61 27 67 24
62 26 25 25 65 27 62 26 62 27 67 23
62 26 24 25 65 26 62 25 62 24 67 22
62 26 23 25 65 26 62 25 62 24 67 21
62 26 22 25 65 26 62 25 62 24 67 20
62 26 21 25 65 26 62 25 62 24 67 19
61 26 25 25 65 26 59 25 59 24 67 19
60 26 24 24 65 26 59 25 59 24 67 19
59 26 23 24 65 26 59 25 59 24 67 19
59 26 22 24 65 26 59 25 59 24 67 19
59 26 25 24 65 26 59 25 59 23 67 19
59 26 24 24 65 26 59 25 59 23 67 19
59 26 23 24 65 26 59 25 59 23 67 19
58 26 22 23 65 25 58 24 58 23 67 19
58 26 24 22 65 25 58 24 58 23 67 19
58 26 23 22 65 25 58 24 58 23 67 19
58 26 23 22 65 25 58 24 58 23 67 19
57 26 22 22 65 22 57 21 57 23 63 19
57 26 21 22 64 22 57 21 57 22 63 19
57 26 20 20 63 22 57 21 57 22 63 18
57 26 21 20 62 22 57 21 57 22 62 18
57 26 20 20 61 22 57 21 57 22 62 18
57 26 23 20 60 23 56 22 56 22 62 18
57 26 22 20 60 20 57 19 57 22 62 18
57 26 20 20 60 20 57 19 57 22 62 18
57 26 20 19 60 20 57 19 57 22 62 18
57 26 20 19 60 20 57 19 57 21 62 18
57 26 19 19 60 20 57 19 57 21 62 17
56 26 21 19 60 22 55 21 55 20 62 0
55 26 20 19 60 22 55 21 55 20 62 0
55 26 19 19 60 22 55 21 55 19 62 0
55 26 18 20 60 19 55 18 55 16 62 0
55 26 19 20 60 19 55 18 55 16 59 0
54 26 19 19 59 19 53 18 53 16 59 0
54 26 18 19 58 19 53 18 53 16 59 0
54 26 17 17 57 19 54 18 54 16 59 0
54 26 16 17 57 19 54 18 54 16 59 0
54 26 15 17 57 19 54 18 54 16 59 0
54 26 17 17 57 19 54 18 54 16 59 0
54 26 16 16 57 19 54 18 54 16 59 0
53 26 19 15 57 19 52 18 52 16 59 0
52 26 18 15 57 19 52 18 52 16 59 0
52 26 18 15 57 15 52 14 52 16 59 0
52 26 17 14 57 15 52 14 52 16 59 0
52 26 15 14 57 15 52 14 52 18 59 0
52 26 15 14 57 15 52 14 52 16 59 0
52 26 16 14 57 15 52 14 52 16 59 0
51 26 15 14 57 17 51 16 51 16 59 0
51 26 14 15 57 17 51 16 51 16 57 0
51 26 13 16 56 15 51 14 51 13 57 0
51 26 15 16 55 15 50 14 50 13 57 0
50 26 15 16 55 15 50 14 50 13 57 0
50 26 14 16 55 15 50 14 50 13 57 0
50 26 13 14 55 15 50 14 50 13 57 0
50 26 13 14 55 17 50 16 50 13 57 0
50 26 12 14 55 16 50 15 50 13 57 0
50 26 14 14 55 16 49 15 49 13 55 0
49 26 13 13 54 16 49 15 49 13 55 0
49 26 14 12 53 15 49 14 49 13 55 0
49 26 13 12 53 15 49 14 49 13 55 0
49 26 13 12 53 12 49 11 49 13 53 0
48 26 12 10 52 12 48 11 48 13 53 0
48 26 12 10 51 12 48 11 48 12 53 0
48 26 11 10 51 12 48 11 48 12 52 0
48 26 13 10 50 11 48 10 48 12 52 0
48 26 12 9 50 11 48 10 48 12 52 0
48 26 11 9 50 11 47 10 47 12 52 0
47 26 10 9 50 11 47 10 47 12 52 0
47 26 12 9 50 10 47 9 47 11 52 0
46 26 12 9 50 10 46 9 46 11 52 0
46 26 10 9 50 10 46 9 46 11 52 0
46 26 10 9 50 10 46 9 46 11 52 0
46 26 11 9 50 10 46 9 46 11 52 0
46 26 10 9 50 12 46 11 46 10 52 0
46 26 10 10 50 12 45 11 45 10 52 0
46 26 10 10 50 10 46 9 46 8 50 0
46 26 10 10 49 10 46 9 46 8 50 0
46 26 10 9 48 10 46 9 46 8 50 0
46 26 10 9 48 10 46 9 46 8 49 0
46 26 9 9 47 10 46 9 46 8 49 0
46 26 8 9 47 10 44 9 44 8 49 0
45 26 7 9 47 10 44 9 44 8 49 0
44 26 9 9 47 10 44 9 44 8 48 0
44 26 8 8 46 10 44 9 44 8 48 0
44 26 8 7 46 10 44 9 44 8 48 0
43 26 7 7 46 9 43 8 43 8 48 0
43 26 8 7 46 9 43 8 43 7 48 0
43 26 7 7 46 9 43 8 43 7 48 0
43 26 7 7 46 7 43 6 43 5 46 0
43 26 6 7 45 7 43 6 43 5 46 0
43 26 5 7 44 7 43 6 43 5 46 0
43 26 4 6 44 7 43 6 43 5 46 0
43 26 6 6 44 7 43 6 43 5 46 0
43 26 5 6 44 8 43 7 43 5 46 0
42 26 5 5 44 7 41 6 41 5 46 0
41 26 4 5 44 7 41 6 41 5 46 0
41 26 6 5 44 7 41 6 41 5 46 0
41 26 5 5 44 6 41 5 41 5 46 0
41 26 5 5 44 6 41 5 41 5 46 0
40 26 5 5 44 5 40 4 40 2 46 0
39 26 5 5 44 5 39 4 39 2 46 0
39 26 4 4 44 5 39 4 39 2 44 0
39 26 4 4 43 5 39 4 39 2 44 0
39 26 3 3 42 5 39 4 39 2 44 0
39 26 2 3 42 5 39 4 39 2 44 0
39 26 1 3 42 5 39 4 39 2 44 0
39 26 4 3 42 4 39 3 39 2 44 0
39 26 3 2 42 4 39 3 39 2 43 0
38 26 3 1 41 4 38 3 38 1 43 0
38 26 2 1 41 4 38 3 38 1 43 0
38 26 3 1 41 1 38 0 38 1 42 0
38 26 2 0 40 1 38 0 38 1 42 0
38 26 1 0 40 1 38 0 38 1 42 0
38 26 1 0 40 1 38 0 38 1 42 0
38 26 2 0 40 1 38 0 38 1 42 0
37 26 1 0 40 1 36 0 36 1 42 0
36 26 1 1 40 1 36 0 36 1 42 0
36 26 0 0 40 1 36 0 36 1 42 0
36 26 1 0 40 1 36 0 36 1 42 0
36 26 0 0 40 1 36 0 36 1 42 0
36 26 1 0 40 1 36 0 36 0 40 0
36 26 0 0 39 1 36 0 36 0 40 0
36 26 1 0 38 1 36 0 36 0 40 0
36 26 0 0 38 1 35 0 35 0 40 0
35 26 1 0 38 1 35 0 35 0 40 0
35 26 0 0 38 1 34 0 34 0 40 0
34 26 1 0 38 1 34 0 34 0 40 0
34 26 0 0 38 1 34 0 34 0 40 0
34 26 1 0 38 1 34 0 34 0 39 0
34 26 0 0 37 1 34 0 34 0 39 0
34 26 1 0 37 1 34 0 34 0 39 0
34 26 0 0 37 1 34 0 34 0 39 0
34 26 1 0 37 1 34 0 34 0 39 0
33 26 0 0 37 1 33 0 33 0 39 0
33 26 1 0 37 1 33 0 33 0 39 0
33 26 0 0 37 1 32 0 32 0 38 0
33 26 1 0 36 1 32 0 32 0 38 0
33 26 0 0 36 1 32 0 32 0 38 0
33 26 1 0 36 1 33 0 33 0 38 0
33 26 0 0 36 1 33 0 33 0 38 0
33 26 1 0 36 1 33 0 33 0 36 0
33 26 0 0 35 1 33 0 33 0 35 0
33 26 1 0 34 1 33 0 33 0 35 0
32 26 0 0 33 1 30 0 30 0 35 0
31 26 1 0 33 1 30 0 30 0 35 0
30 26 0 0 33 1 30 0 30 0 35 0
30 26 1 0 33 1 30 0 30 0 35 0
30 26 0 0 33 1 30 0 30 0 35 0
30 26 1 0 33 1 30 0 30 0 35 0
30 26 0 0 33 1 30 0 30 0 35 0
30 26 1 0 33 1 30 0 30 0 35 0
29 26 0 0 33 1 29 0 29 0 35 0
29 26 1 0 33 1 29 0 29 0 35 0
29 26 0 0 33 1 29 0 29 0 34 0
29 26 1 0 32 1 29 0 29 0 34 0
29 26 0 0 32 1 29 0 29 0 34 0
29 26 1 0 32 1 29 0 29 0 34 0
29 26 0 0 32 1 29 0 29 0 34 0
29 26 1 0 32 1 29 0 29 0 34 0
29 26 0 0 32 1 29 0 29 0 34 0
28 26 1 0 32 1 28 0 28 0 34 0
28 26 0 0 32 1 28 0 28 0 33 0
28 26 1 0 31 1 28 0 28 0 31 0
27 26 0 0 30 1 27 0 27 0 31 0
27 26 1 0 29 1 27 0 27 0 31 0
27 26 0 0 29 1 27 0 27 0 31 0
27 26 1 0 29 1 27 0 27 0 31 0
26 26 0 0 29 1 26 0 26 0 31 0
26 26 1 0 29 1 26 0 26 0 31 0
26 26 0 0 29 1 26 0 26 0 30 0
26 26 1 0 28 1 26 0 26 0 30 0
26 26 0 0 28 1 26 0 26 0 30 0
26 26 1 0 28 1 24 0 24 0 30 0
25 26 0 0 28 1 24 0 24 0 30 0
25 26 1 0 28 1 25 0 25 0 30 0
25 26 0 0 28 1 25 0 25 0 30 0
25 26 1 0 28 1 25 0 25 0 30 0
25 26 0 0 28 1 25 0 25 0 30 0
25 26 1 0 28 1 25 0 25 0 28 0
24 26 0 0 27 1 23 0 23 0 27 0
23 26 1 0 26 1 23 0 23 0 27 0
23 26 0 0 25 1 23 0 23 0 27 0
22 26 1 0 25 1 22 0 22 0 27 0
22 26 0 0 25 1 22 0 22 0 27 0
22 26 1 0 25 1 22 0 22 0 27 0
22 26 0 0 25 1 22 0 22 0 27 0
22 26 1 0 25 1 22 0 22 0 27 0
21 26 0 0 25 1 21 0 21 0 27 0
21 26 1 0 25 1 21 0 21 0 26 0
21 26 0 0 24 1 21 0 21 0 26 0
21 26 1 0 24 1 21 0 21 0 26 0
21 26 0 0 24 1 21 0 21 0 26 0
21 26 1 0 24 1 21 0 21 0 26 0
21 26 0 0 24 1 21 0 21 0 26 0
21 26 1 0 24 1 21 0 21 0 26 0
21 26 0 0 24 1 21 0 21 0 26 0
20 26 1 0 24 1 20 0 20 0 26 0
20 26 0 0 24 1 20 0 20 0 26 0
20 26 1 0 24 1 20 0 20 0 24 0
20 26 0 0 23 1 20 0 20 0 24 0
19 26 1 0 22 1 19 0 19 0 24 0
19 26 0 0 22 1 18 0 18 0 24 0
19 26 1 0 22 1 18 0 18 0 24 0
19 26 0 0 22 1 18 0 18 0 24 0
19 26 1 0 22 1 18 0 18 0 24 0
19 26 0 0 22 1 18 0 18 0 24 0
19 26 1 0 22 1 18 0 18 0 24 0
19 26 0 0 22 1 18 0 18 0 22 0
19 26 1 0 21 1 19 0 19 0 22 0
19 26 0 0 20 1 19 0 19 0 22 0
19 26 1 0 20 1 19 0 19 0 22 0
19 26 0 0 20 1 19 0 19 0 22 0
19 26 1 0 20 1 19 0 19 0 22 0
19 26 0 0 20 1 16 0 16 0 22 0
18 26 1 0 20 1 16 0 16 0 22 0
17 26 0 0 20 1 15 0 15 0 22 0
16 26 1 0 20 1 15 0 15 0 22 0
15 26 0 0 20 1 15 0 15 0 21 0
15 26 1 0 19 1 15 0 15 0 21 0
15 26 0 0 19 1 15 0 15 0 21 0
15 26 1 0 19 1 14 0 14 0 21 0
14 26 0 0 19 1 13 0 13 0 21 0
14 26 1 0 19 1 13 0 13 0 21 0
14 26 0 0 19 1 13 0 13 0 21 0
14 26 1 0 19 1 13 0 13 0 21 0
14 26 0 0 19 1 13 0 13 0 21 0
14 26 1 0 19 1 13 0 13 0 21 0
14 26 0 0 19 1 13 0 13 0 21 0
14 26 1 0 19 1 14 0 14 0 21 0
14 26 0 0 19 1 14 0 14 0 21 0
14 26 1 0 19 1 14 0 14 0 21 0
14 26 0 0 19 1 14 0 14 0 19 0
14 26 1 0 18 1 14 0 14 0 19 0
14 26 0 0 17 1 12 0 12 0 19 0
13 26 1 0 17 1 12 0 12 0 16 0
12 26 0 0 16 1 11 0 11 0 16 0
11 26 1 0 15 1 11 0 11 0 16 0
11 26 0 0 14 1 11 0 11 0 16 0
11 26 1 0 14 1 11 0 11 0 16 0
11 26 0 0 14 1 11 0 11 0 16 0
11 26 1 0 14 1 11 0 11 0 16 0
11 26 0 0 14 1 11 0 11 0 16 0
11 26 1 0 14 1 9 0 9 0 16 0
10 26 0 0 14 1 9 0 9 0 16 0
9 26 1 0 14 1 9 0 9 0 16 0
9 26 0 0 14 1 9 0 9 0 16 0
9 26 1 0 14 1 9 0 9 0 16 0
8 26 0 0 14 1 8 0 8 0 16 0
8 26 1 0 14 1 8 0 8 0 16 0
8 26 0 0 14 1 8 0 8 0 16 0
8 26 1 0 14 1 8 0 8 0 16 0
8 26 0 0 14 1 8 0 8 0 13 0
8 26 1 0 13 1 8 0 8 0 13 0
8 26 0 0 12 1 8 0 8 0 13 0
8 26 1 0 11 1 7 0 7 0 13 0
7 26 0 0 11 1 7 0 7 0 10 0
7 26 1 0 10 1 7 0 7 0 10 0
7 26 0 0 9 1 7 0 7 0 10 0
7 26 1 0 8 1 7 0 7 0 10 0
7 26 0 0 8 1 7 0 7 0 10 0
7 26 1 0 8 1 7 0 7 0 10 0
7 26 0 0 8 1 6 0 6 0 10 0
6 26 1 0 8 1 6 0 6 0 10 0
6 26 0 0 8 1 6 0 6 0 10 0
6 26 1 0 8 1 5 0 5 0 9 0
5 26 0 0 7 1 5 0 5 0 9 0
5 26 1 0 7 1 5 0 5 0 9 0
5 26 0 0 7 1 4 0 4 0 9 0
