# Leapfrog W1-window (K=20, anch_w1) m=2 seed-half widths: 141 ticks; q99.99+1 over 640k seeds, R=q99.95 park+2; fresh-640k fail 6.83e-4/leg
259
259
259
259
258
257
255
254
252
251
249
248
246
244
242
241
239
237
235
234
232
230
228
227
225
223
221
220
218
216
214
213
211
209
207
205
203
202
200
198
196
194
192
190
189
187
185
183
181
179
177
176
174
172
170
168
167
165
163
161
159
157
155
153
151
150
147
146
144
142
140
138
136
134
132
131
128
127
125
123
121
119
117
115
113
112
110
108
106
104
102
100
98
96
94
92
90
88
86
85
83
81
79
77
75
73
71
69
67
66
64
62
60
58
56
55
52
51
49
47
45
43
41
39
37
35
33
31
29
27
26
23
22
20
18
16
14
12
10
7
5
