# Leapfrog sign2 m=2 per-step widths: W n0 n1 n2 nb  (sums min(W+1, q99.999+2), barrel min(W, q99.999+3); n2>=6, nb>=4)
262 263 263 263 262
262 263 263 263 262
262 263 263 263 262
262 263 263 262 262
261 262 262 261 260
260 261 260 259 259
258 259 259 259 257
258 259 258 257 257
256 257 257 256 254
255 256 255 254 254
252 253 253 252 251
251 252 251 250 250
249 250 250 249 248
248 249 248 248 248
246 247 247 246 245
245 246 245 244 244
243 244 243 242 242
241 242 241 240 240
239 240 240 239 239
238 239 238 237 237
235 236 236 236 234
235 235 235 234 234
232 233 233 232 231
231 232 231 230 230
229 230 229 229 229
228 229 229 228 226
227 228 227 226 226
223 224 224 223 222
222 223 222 222 222
220 221 221 221 220
220 221 220 219 219
218 219 219 218 216
217 218 217 216 216
214 215 214 214 213
212 213 213 212 211
210 211 210 209 209
208 209 209 208 208
207 208 208 207 206
206 207 206 205 204
204 205 204 203 203
202 203 202 201 201
200 201 201 200 199
199 200 199 198 198
197 198 197 197 197
197 198 197 196 194
195 196 195 194 193
192 193 193 192 190
191 192 191 190 190
188 189 188 188 188
187 188 188 187 186
185 186 186 185 185
184 185 184 183 183
181 182 181 181 181
180 181 180 180 179
179 180 179 178 177
177 178 177 176 176
175 176 175 174 174
173 174 173 172 171
171 172 172 171 171
168 169 169 169 168
167 168 167 167 166
165 166 165 165 165
164 165 165 164 162
162 163 162 161 161
160 161 160 160 159
159 160 159 158 158
157 158 157 157 156
156 157 156 155 155
153 154 153 153 153
151 152 151 151 150
150 151 150 149 148
147 148 148 147 146
146 147 146 145 144
143 144 143 143 143
142 143 142 142 142
141 142 142 141 137
140 141 140 139 139
135 136 135 135 134
134 135 134 133 132
131 132 131 131 130
130 131 130 130 129
128 129 128 127 126
126 127 126 126 124
125 126 126 125 121
122 123 122 122 121
118 119 119 119 118
118 119 119 118 118
116 117 116 115 115
114 114 115 114 112
111 112 112 112 111
110 111 110 109 109
108 109 108 107 107
106 107 107 106 104
105 106 105 104 103
102 103 102 102 101
101 102 102 101 100
99 100 99 99 96
98 99 98 97 95
95 96 96 95 94
92 93 93 93 92
92 93 92 91 90
90 91 90 89 89
88 89 89 88 87
86 87 86 86 86
86 87 86 85 82
84 85 84 83 82
80 81 81 81 80
80 81 81 80 78
79 80 79 78 77
76 77 77 76 74
75 76 75 74 74
72 73 73 72 72
71 72 71 69 68
68 69 68 67 67
65 66 66 65 64
64 65 64 63 63
62 63 62 62 62
59 60 59 59 58
58 59 58 58 58
55 56 56 55 53
54 55 54 53 52
51 52 51 50 50
48 49 49 48 47
48 49 48 47 46
45 46 45 45 45
44 45 44 44 44
43 44 43 42 39
41 42 41 40 40
37 38 37 37 37
36 37 35 35 34
34 35 35 34 34
31 32 32 31 31
30 31 30 29 29
28 29 29 28 26
27 28 27 26 26
23 24 23 23 22
22 23 22 22 22
21 22 22 21 18
20 21 20 19 19
16 16 17 16 15
15 16 15 14 14
13 13 14 13 12
12 13 12 11 11
8 9 9 8 6
7 8 7 6 6
4 5 5 6 4
4 5 5 6 4
