# Leapfrog v0 envelope: 135 ticks, width per tick (q99.999 over 20000 seeds + 1)
262
262
262
262
261
260
259
257
256
254
252
250
249
247
245
243
241
239
237
235
234
233
232
231
228
227
225
223
221
219
216
214
211
209
206
205
203
201
199
197
195
194
192
189
187
185
185
183
179
178
176
174
172
171
169
167
165
162
162
161
156
156
154
152
151
150
148
144
143
143
141
135
134
131
127
126
125
123
120
119
115
113
111
109
105
103
102
101
98
97
92
92
89
87
85
83
80
79
76
73
72
70
67
65
63
62
61
58
56
54
51
50
47
46
43
42
38
37
35
32
30
30
30
28
26
24
21
18
17
15
12
9
8
7
5
