# Leapfrog W1 (K=24) envelope: 139 ticks, per-tick rail width W (joint fit over 1.92M walks, region-priced widths)
257
257
257
257
257
257
257
257
254
253
251
249
248
248
245
243
241
240
237
236
235
234
231
229
227
226
223
222
220
219
216
214
212
210
208
206
204
203
202
199
197
195
193
191
189
187
185
184
182
180
178
176
174
172
170
168
166
165
163
162
159
157
155
153
151
150
147
146
144
142
140
138
136
134
132
130
128
126
125
123
121
119
117
115
113
111
109
107
105
103
101
99
97
95
93
91
89
87
86
84
81
79
78
76
74
72
70
68
66
64
62
60
58
56
54
52
50
48
46
45
42
41
39
37
35
33
31
29
27
25
23
21
19
17
15
13
11
9
7
