# Leapfrog sign2 m=2 seed-half (R0=d|d-p, R1=(R0+-p)/2) rest/all widths: 143 ticks; q99.99+1 over 640k seeds, R=q99.9 park+2; fresh-640k fail 6.95e-4/leg (deployed 7.31e-4)
259
259
259
259
258
257
255
254
253
251
250
248
246
245
243
242
240
238
237
235
233
232
230
229
227
225
223
221
220
218
216
214
213
211
209
207
206
204
202
200
199
197
195
193
192
190
188
186
184
183
181
179
177
175
173
171
170
168
166
164
162
161
159
157
155
153
151
150
148
146
144
142
140
139
137
134
133
131
129
127
125
123
121
120
118
116
114
113
111
109
107
105
104
102
100
98
96
94
92
90
88
87
85
83
81
79
77
75
73
71
70
68
66
64
62
60
58
56
54
52
50
49
47
45
43
41
39
37
36
33
32
30
28
26
24
22
20
18
17
15
13
11
9
