# Leapfrog sign2 envelope: 123 ticks, width per tick (q99.999 over 20000 seeds + 1)
262
262
262
261
260
258
257
256
254
252
251
250
247
244
244
243
240
238
235
233
231
228
226
223
222
219
217
216
213
212
210
208
204
203
202
199
197
195
193
191
189
185
184
181
178
177
174
171
170
166
166
163
162
160
156
155
151
149
147
144
143
140
138
137
136
131
130
127
124
122
120
117
115
114
112
109
107
103
101
100
97
96
93
91
89
86
84
81
79
77
75
72
70
68
66
64
62
59
56
54
51
50
49
45
42
41
39
36
34
32
31
29
25
24
20
19
17
15
12
10
7
4
4
