# Leapfrog sign2 m=2 envelope: 147 ticks, width per tick (q99.999 over 20000 seeds + 1)
262
262
262
262
261
260
258
258
256
255
252
251
249
248
246
245
243
241
239
238
235
235
232
231
229
228
227
223
222
220
220
218
217
214
212
210
208
207
206
204
202
200
199
197
197
195
192
191
188
187
185
184
181
180
179
177
175
173
171
168
167
165
164
162
160
159
157
156
153
151
150
147
146
143
142
141
140
135
134
131
130
128
126
125
122
118
118
116
114
111
110
108
106
105
102
101
99
98
95
92
92
90
88
86
86
84
80
80
79
76
75
72
71
68
65
64
62
59
58
55
54
51
48
48
45
44
43
41
37
36
34
31
30
28
27
23
22
21
20
16
15
13
12
8
7
4
4
