# Leapfrog per-step widths for the LF_YP8 rule: W n0 n1 n2 nb. Peel fit: R=138, fit-sample budget 0.00077 per walk (1555 walks dropped of 17766 dumped, 4000000 walks), floor level 0.0003, late weights x2 from tick 74; fitted with LF_YP8=22, LF_YP8_LATE=90:20,100:18,112:16,118:14,124:12, LF_T0_FREE=1, LF_TAIL_FORCED=0
257 258 258 258 257
257 258 258 258 257
257 258 258 258 257
257 258 258 258 257
257 258 258 258 257
257 258 258 257 255
257 257 256 255 254
255 255 255 254 252
254 254 253 252 251
252 252 252 251 249
251 251 250 249 248
249 249 249 248 246
248 248 247 246 245
246 246 245 244 243
244 244 243 242 241
242 242 241 240 239
240 240 240 239 237
239 239 238 237 236
237 237 236 235 234
235 235 235 234 232
234 234 233 232 231
232 232 231 230 229
230 230 229 228 227
228 228 228 227 225
227 227 226 225 224
225 225 224 223 222
223 223 222 221 220
221 221 220 219 218
219 219 218 217 216
217 217 216 215 214
215 215 215 214 212
214 214 213 212 211
212 212 211 210 209
210 210 209 208 207
208 208 207 206 205
206 206 205 204 203
204 204 204 203 201
203 203 202 201 200
201 201 200 199 198
199 199 198 197 196
197 197 196 195 194
195 195 194 193 192
193 193 192 191 190
191 191 190 189 188
189 189 188 187 186
187 187 186 185 184
185 185 184 183 182
183 183 183 182 180
182 182 181 180 179
180 180 179 178 177
178 178 177 176 175
176 176 175 174 173
174 174 173 172 171
172 172 171 170 169
170 170 169 168 167
168 168 167 166 165
166 166 165 164 163
164 164 163 162 161
162 162 161 160 159
160 160 159 158 157
158 158 157 156 155
156 156 155 154 153
154 154 153 152 151
152 152 152 151 149
151 151 150 149 148
149 149 148 147 146
147 147 146 145 144
145 145 144 143 142
143 143 142 141 140
141 141 140 139 138
139 139 138 137 136
137 137 136 135 134
135 135 134 133 132
133 133 132 131 130
131 131 130 129 128
129 129 128 127 126
127 127 126 125 124
125 125 124 123 122
123 123 122 121 120
121 121 120 119 118
119 119 118 117 116
117 117 116 115 114
115 115 114 113 112
113 113 112 111 110
111 111 110 109 108
109 109 108 107 106
107 107 107 106 104
106 106 105 104 103
104 104 103 102 101
102 102 101 100 99
100 100 99 98 97
98 98 97 96 95
96 96 95 94 93
94 94 93 92 91
92 92 91 90 89
90 90 89 88 87
88 88 87 86 85
86 86 85 84 83
84 84 83 82 81
82 82 81 80 79
80 80 79 78 77
78 78 77 76 75
76 76 75 74 73
74 74 73 72 71
72 72 71 70 69
70 70 69 68 67
68 68 67 66 65
66 66 65 64 63
64 64 63 62 61
62 62 61 60 59
60 60 60 59 57
59 59 58 57 56
57 57 56 55 54
55 55 54 53 52
53 53 52 51 50
51 51 50 49 48
49 49 48 47 46
47 47 46 45 44
45 45 44 43 42
43 43 42 41 40
41 41 40 39 38
39 39 38 37 36
37 37 36 35 34
35 35 34 33 32
33 33 32 31 30
31 31 30 29 28
29 29 28 27 26
27 27 26 25 24
25 25 24 23 22
23 23 22 21 20
21 21 20 19 18
19 19 18 17 16
17 17 16 15 14
15 15 14 13 12
13 13 12 11 9
10 10 9 8 7
8 8 7 6 5
6 6 6 6 5
