# U2 envelope R=134 floor<=1184: min(pack_t0hat_tail0_138_steps_k700_lw2, survivor max of 800k sim walks), floor ceiling; sim walk fail 0.01311 (body 0.01043 tail 0.00492 nopark 0.01196)
257 258 258 258 257
257 258 258 258 257
257 258 258 258 257
257 258 258 258 257
257 258 258 258 257
257 258 258 257 255
257 257 256 255 254
255 255 255 254 252
254 254 253 252 251
252 252 252 251 249
251 251 250 249 248
248 248 248 247 246
247 247 246 245 244
245 245 245 243 242
243 243 243 242 241
242 242 241 240 239
240 240 240 239 237
239 239 238 237 236
237 237 237 236 234
236 236 235 234 233
233 233 233 232 230
232 232 231 230 229
229 230 229 228 226
228 228 227 226 225
226 226 225 224 223
224 224 224 222 221
222 222 222 221 220
221 221 220 219 218
219 219 219 218 216
218 218 217 216 215
216 216 215 214 213
214 214 213 212 211
212 212 211 210 209
210 210 209 208 207
208 208 207 206 205
206 206 205 204 203
204 204 204 203 201
203 203 202 201 200
200 200 200 199 198
199 199 198 197 196
197 197 196 195 194
194 194 194 193 192
193 193 192 191 190
191 191 190 190 189
189 189 188 187 186
187 188 187 185 184
185 185 185 184 183
184 184 183 182 181
182 182 181 180 179
180 179 179 177 176
177 177 177 176 174
176 176 175 174 173
174 174 173 172 171
172 172 172 171 169
171 171 170 169 168
168 168 167 166 165
166 166 165 165 164
164 164 164 163 161
163 163 162 161 160
160 160 160 159 157
159 159 158 156 155
156 156 156 155 153
155 155 154 153 152
152 152 152 151 150
151 151 150 149 147
149 149 148 147 146
146 146 146 145 144
145 145 144 143 142
143 143 142 141 140
141 141 140 139 138
139 139 138 137 136
137 137 136 135 134
135 135 134 133 132
132 132 132 131 130
131 131 130 129 128
128 128 128 127 126
127 127 126 125 124
125 125 124 123 122
123 123 122 121 120
121 121 120 119 118
119 119 118 117 116
117 117 116 115 114
115 115 114 113 112
113 113 112 111 110
111 111 111 110 109
109 109 109 107 106
107 107 106 106 104
106 106 105 103 102
103 103 103 102 100
102 102 101 100 99
99 99 98 98 97
98 98 97 95 94
95 95 94 94 92
94 94 92 91 90
91 91 90 89 88
89 89 88 88 87
87 88 87 86 85
86 86 84 84 83
83 83 82 81 80
81 81 80 79 78
79 79 78 77 76
77 77 77 76 74
76 76 75 74 73
74 74 73 72 71
72 72 70 70 68
70 69 68 68 67
67 67 67 65 64
65 65 64 63 62
63 63 62 61 60
61 61 60 59 58
59 59 59 58 57
57 58 57 56 55
55 55 55 54 53
53 53 52 52 51
51 51 51 50 48
50 50 49 48 47
46 46 45 44 43
44 44 43 42 41
42 42 41 40 39
40 40 39 38 37
37 37 37 36 35
36 36 35 34 33
33 32 31 31 29
31 31 30 28 27
28 29 27 27 26
26 26 25 24 23
23 23 22 21 20
21 21 20 19 17
18 18 17 16 15
16 16 15 13 12
13 13 12 11 10
11 11 10 9 8
8 8 7 5 5
6 6 5 6 5
