# U2 envelope R=133 floor<=1182: min(pack_t0hat_tail0_138_steps_k700_lw2, survivor max of 800k sim walks), floor ceiling; sim walk fail 0.02524 (body 0.01535 tail 0.01200 nopark 0.02512)
257 258 258 258 257
257 258 258 258 257
257 258 258 258 257
257 258 258 258 257
257 258 258 258 257
257 258 258 257 255
257 257 256 255 254
255 255 255 254 252
254 254 253 252 251
252 252 252 251 249
251 251 250 249 248
248 248 248 247 246
247 247 246 245 244
245 245 245 243 242
243 243 243 242 241
242 242 241 240 239
240 240 240 239 237
239 239 238 237 236
237 237 237 236 234
236 236 235 234 233
233 233 233 232 230
232 232 231 230 229
229 230 229 228 226
228 228 227 226 225
225 225 225 224 223
224 224 223 222 221
222 222 222 221 219
221 221 220 219 218
219 219 218 217 216
217 217 217 216 214
216 216 215 214 213
213 213 212 212 211
212 212 211 210 209
210 210 209 208 207
208 208 207 206 205
206 206 205 204 203
204 204 203 202 201
202 202 201 201 200
200 200 200 199 198
199 199 198 197 196
197 197 196 195 194
194 194 194 193 192
193 193 192 191 190
191 191 190 190 189
188 188 188 187 186
187 188 187 185 184
185 185 184 184 183
184 184 183 182 181
182 182 181 180 179
180 179 179 177 176
177 177 176 175 174
175 175 175 174 173
174 174 173 172 171
171 172 172 171 169
171 171 170 169 168
168 168 167 166 165
166 166 165 164 163
164 164 164 163 161
163 163 162 161 160
160 160 159 158 157
158 158 157 156 155
156 156 155 155 153
155 155 154 153 152
152 152 151 150 149
150 150 150 149 147
149 149 148 147 146
146 146 146 145 143
145 145 144 143 142
142 142 142 141 139
141 141 140 139 138
139 139 138 137 136
137 137 136 135 134
135 135 134 133 132
132 132 132 131 130
131 131 130 129 128
128 128 128 127 125
127 127 126 125 124
125 124 123 123 122
122 122 121 121 120
121 121 120 119 118
119 119 118 117 116
116 116 115 115 114
115 115 114 113 112
112 112 112 111 110
111 111 110 109 108
109 109 109 107 106
107 107 106 106 104
106 106 105 103 102
103 103 103 102 100
102 102 101 99 98
99 99 98 97 96
97 97 96 95 94
95 95 94 93 92
93 93 92 91 90
91 91 90 89 88
89 89 88 88 87
87 87 87 86 85
85 85 84 83 82
83 83 82 81 80
81 81 80 79 78
79 79 78 77 76
77 77 76 75 74
74 74 73 72 71
72 72 71 70 69
70 70 70 69 67
69 69 68 67 66
66 67 65 65 64
65 65 64 63 60
63 63 62 61 60
60 61 60 58 57
58 58 57 56 55
55 55 54 53 52
53 53 52 51 50
51 51 50 50 49
49 49 48 47 46
47 47 46 45 44
44 44 44 43 41
43 43 42 41 40
40 41 41 40 37
40 40 39 38 37
36 36 35 34 33
34 34 33 31 30
31 31 30 29 28
29 29 28 27 26
27 27 26 25 24
24 24 23 23 22
22 22 21 20 19
20 20 19 18 17
17 17 16 15 14
15 15 13 13 12
12 12 11 10 9
9 9 8 6 5
6 6 5 6 5
