16991 512 772 516 0 772
4621262 910 904 911 0 904
4647895 1022 1158 519 0 1158
4658184 615 904 1121 0 904
4704546 679 984 1165 0 630,666,712
4706796 694 353 741 0 540,635
4706800 635 354 963 0 353,354,540,744
4716708 1081 321 698 0 540,1167
4716712 1167 322 666 0 321,325,328,329,330,331,332,339,342,344,345,346,350,670,989,672,674,675,980,1006,689,1009,695,698,1066,593,568,700
4725648 630 353 636 0 540,567
4725652 567 354 698 0 353,354,540,570
4735002 799 1028 601 0 603,696,798
4737041 668 289 1000 0 540,1131
4737045 1131 290 596 0 289,290,540,946
4746186 540 257 1028 0 270,518,1113
4746190 1113 258 917 0 257,258,270,518,584
4755116 798 289 947 0 307,518,797
4755120 797 290 696 0 289,290,307,518,796
4775955 1085 321 927 0 324,514,1072
4775959 1072 322 928 0 321,322,324,514,867
4800026 583 1154 562 0 1154
4842946 624 1044 621 0 1044
4853235 561 1089 560 0 1089
4861563 1161 480 1132 0 480
4928991 740 722 548 0 594,946,1123
4931030 609 417 528 0 439,517,1070
4940175 703 385 722 0 391,549,1110
4940179 1110 386 1130 0 385,386,391,549,903
4949105 1123 417 603 0 442,549,882
5010696 993 1110 623 0 1110
5037329 1011 1151 555 0 1151
5047618 542 1110 1004 0 1110
5113385 911 717 708 0 654,760,910
5115639 627 482 724 0 481,482,505,575,950
5125547 1122 449 985 0 454,564,978
5125551 978 450 654 0 449,450,454,547,564
5134491 967 482 985 0 481,482,483,554,558
5143837 804 611 735 0 384,416,803,1016,1091,1163
5143841 803 1163 1149 0 735,802,996
5145884 908 418 1171 0 417,418,435,534,761
5155025 771 385 1163 0 399,517,1158
5155029 1158 386 611 0 385,386,399,517,632
5184794 1091 449 925 0 451,549,1088
5184798 1088 450 1106 0 449,450,451,549,1098
9272950 141 203 936 0 203
9275013 203 936 201 0 936
