10 +0 -13 11 div
11 +0 -11 12 div
12 +0 -12 13 div
13 +0 -14 14 div
14 +0 -12 15 div
15 +0 -11 16 div
16 +0 -10 17 div
17 +0 -10 18 div
18 +0 -12 19 div
19 +0 -14 20 div
20 +0 -14 21 div
21 +0 -13 22 div
22 +0 -13 23 div
23 +0 -14 24 div
24 +0 -14 25 div
25 +0 -14 26 div
26 +0 -13 27 div
27 +0 -13 28 div
28 +0 -14 29 div
29 +0 -13 30 div
30 +0 -14 31 div
31 +0 -14 32 div
32 +0 -12 33 div
33 +0 -14 34 div
34 +0 -14 35 div
35 +0 -13 36 div
36 +0 -14 37 div
37 +0 -13 38 div
38 +0 -13 39 div
39 +0 -13 40 div
40 +0 -13 41 div
41 +0 -13 42 div
42 +0 -12 43 div
43 +0 -13 44 div
44 +0 -12 45 div
45 +0 -13 46 div
46 +0 -12 47 div
47 +0 -10 48 div
48 +0 -11 49 div
49 +0 -10 50 div
50 +0 -11 51 div
51 +0 -10 52 div
52 +0 -8 53 div
53 +0 -10 54 div
54 +0 -9 55 div
55 +0 -9 56 div
56 +0 -9 57 div
57 +0 -7 58 div
58 +0 -8 59 div
59 +0 -9 60 div
60 +0 -9 61 div
61 +0 -8 62 div
62 +0 -6 63 div
63 +0 -7 64 div
64 +0 -7 65 div
65 +0 -8 66 div
66 +0 -7 67 div
124 +0 -14 125 div
126 +0 -14 127 div
127 +0 -13 128 div
128 +0 -13 129 div
129 +0 -12 130 div
130 +0 -13 131 div
212 +0 -8 213 div
214 +0 -8 215 div
215 +0 -8 216 div
216 +0 -8 217 div
217 +0 -8 218 div
218 +0 -7 219 div
219 +0 -7 220 div
220 +0 -7 221 div
221 +0 -6 222 div
222 +0 -5 223 div
223 +0 -7 224 div
224 +0 -6 225 div
225 +0 -6 226 div
226 +0 -6 227 div
227 +0 -4 228 div
228 +0 -5 229 div
229 +0 -5 230 div
230 +0 -5 231 div
231 +0 -4 232 div
232 +0 3 233 div
233 +0 2 234 div
234 +0 2 235 div
235 +0 2 236 div
236 +0 3 237 div
237 +0 3 238 div
238 +0 2 239 div
239 +0 2 240 div
240 +0 3 241 div
241 +0 2 242 div
242 +0 3 243 div
243 +0 3 244 div
244 +0 2 245 div
245 +0 2 246 div
246 +0 3 247 div
247 +0 2 248 div
248 +0 2 249 div
249 +0 2 250 div
250 +0 2 251 div
251 +0 1 252 div
252 +0 1 253 div
253 +0 1 254 div
255 +0 1 256 div
272 +0 -3 273 div
273 +1 0 274 div
274 +0 -3 275 div
275 +1 0 276 div
276 +1 0 277 div
277 +0 -3 278 div
278 +1 0 279 div
279 +0 -3 280 div
280 +1 0 281 div
281 +1 0 282 div
282 +0 -3 283 div
283 +0 -3 284 div
284 +0 -3 285 div
285 +0 -3 286 div
286 +0 -2 287 div
287 +0 -2 288 div
288 +0 -2 289 div
289 +0 2 290 div
290 +0 -2 291 div
291 +0 2 292 div
292 +0 3 293 div
293 +0 2 294 div
294 +0 2 295 div
295 +0 3 296 div
296 +0 2 297 div
297 +0 1 298 div
298 +0 2 299 div
299 +0 1 300 div
300 +0 1 301 div
301 +0 1 302 div
302 +1 0 303 div
303 +1 0 304 div
304 +1 0 305 div
305 +1 0 306 div
306 +2 0 307 div
307 +0 -2 308 div
308 +2 0 309 div
309 +2 0 310 div
310 +2 0 311 div
311 +0 -3 312 div
314 +1 -3 315 div
317 +2 -3 318 div
319 +0 2 320 div
320 +2 -3 321 div
321 +0 2 322 div
322 +0 2 323 div
323 +0 2 324 div
324 +0 2 325 div
325 +0 2 326 div
326 +0 2 327 div
327 +0 2 328 div
328 +1 0 329 div
329 +0 -1 330 div
330 +0 -1 331 div
331 +0 -1 332 div
336 -1 0 337 div
361 -1 0 362 div
363 -1 0 364 div
380 -1 0 381 div
381 -1 0 382 div
382 -1 0 383 div
383 -1 0 384 div
384 -1 0 385 div
385 -1 0 386 div
386 -1 0 387 div
387 -1 0 388 div
388 -1 0 389 div
389 -1 0 390 div
390 -1 0 391 div
428 +3 1 355 mul
431 +2 0 352 mul
433 +3 1 350 mul
434 +3 1 349 mul
435 +2 0 348 mul
438 +3 -1 345 mul
440 +3 -1 343 mul
441 +2 -1 342 mul
443 +2 -1 340 mul
446 +1 -1 337 mul
450 +0 -1 333 mul
453 +0 -1 330 mul
456 +0 1 327 mul
457 +0 2 326 mul
458 +0 2 325 mul
459 +0 2 324 mul
460 +1 2 323 mul
461 +1 0 322 mul
462 +1 0 321 mul
463 +0 2 320 mul
464 +1 0 319 mul
465 +1 0 318 mul
470 +2 -1 313 mul
473 +1 -1 310 mul
475 +1 -1 308 mul
476 +1 -2 307 mul
477 +1 -1 306 mul
478 +1 -2 305 mul
479 +1 -2 304 mul
486 +0 1 297 mul
487 +0 1 296 mul
488 +0 1 295 mul
489 +0 2 294 mul
490 +0 1 293 mul
491 +0 1 292 mul
492 +0 2 291 mul
493 +0 2 290 mul
494 +0 2 289 mul
495 +1 2 288 mul
496 +1 3 287 mul
497 +1 3 286 mul
498 +1 2 285 mul
499 +1 0 284 mul
500 +1 2 283 mul
510 +0 -1 273 mul
511 +1 -2 272 mul
512 +1 -1 271 mul
513 +0 -1 270 mul
514 +1 -2 269 mul
515 +1 -3 268 mul
517 +1 -3 266 mul
532 +0 1 251 mul
533 +0 1 250 mul
534 +0 1 249 mul
535 +0 1 248 mul
536 +0 2 247 mul
537 +0 2 246 mul
538 +0 1 245 mul
539 +0 3 244 mul
540 +0 1 243 mul
541 +0 1 242 mul
542 +0 3 241 mul
543 +0 1 240 mul
544 +0 2 239 mul
545 +0 2 238 mul
546 +0 2 237 mul
547 +0 2 236 mul
548 +0 1 235 mul
549 +0 3 234 mul
550 +0 2 233 mul
553 +0 -2 230 mul
556 +0 -2 227 mul
557 +0 -2 226 mul
558 +0 -3 225 mul
559 +0 -3 224 mul
560 +0 -3 223 mul
561 +0 -3 222 mul
562 +0 -3 221 mul
563 +0 -4 220 mul
564 +1 -4 219 mul
565 +0 -4 218 mul
566 +1 -6 217 mul
567 +1 -5 216 mul
568 +1 -6 215 mul
569 +1 -6 214 mul
570 +1 -6 213 mul
615 +0 -1 168 mul
616 +0 -2 167 mul
617 +0 -1 166 mul
618 +0 -2 165 mul
619 +0 -2 164 mul
620 +0 -2 163 mul
621 +0 -3 162 mul
622 +0 -3 161 mul
623 +0 -3 160 mul
624 +0 -3 159 mul
625 +0 -4 158 mul
626 +0 -5 157 mul
627 +0 -5 156 mul
628 +0 -5 155 mul
629 +0 -4 154 mul
630 +0 -5 153 mul
631 +0 -6 152 mul
632 +0 -5 151 mul
633 +0 -6 150 mul
634 +0 -6 149 mul
635 +0 -6 148 mul
636 +0 -7 147 mul
637 +0 -7 146 mul
638 +0 -7 145 mul
639 +0 -7 144 mul
640 +0 -8 143 mul
641 +0 -8 142 mul
642 +0 -8 141 mul
643 +0 -9 140 mul
644 +0 -8 139 mul
645 +0 -9 138 mul
646 +0 -10 137 mul
647 +0 -9 136 mul
648 +0 -10 135 mul
649 +0 -10 134 mul
650 +0 -10 133 mul
651 +0 -11 132 mul
652 +0 -11 131 mul
653 +0 -11 130 mul
654 +0 -11 129 mul
655 +0 -12 128 mul
