347 2
348 2
349 10
350 2
351 10
352 5
353 2
354 4
355 4
356 4
357 4
358 4
359 4
363 4
364 10
365 10
366 10
367 10
368 10
369 10
370 7
371 7
372 7
373 7
374 7
375 7
376 7
377 14
378 14
379 14
380 10
381 10
382 10
383 16
384 16
385 12
386 12
387 12
388 12
389 14
390 14
393 14
394 14
395 6
396 12
397 12
398 10
399 10
400 6
401 10
402 10
403 8
404 8
405 8
406 7
407 7
408 7
409 6
410 12
411 12
412 12
413 7
414 7
415 12
416 12
417 12
418 5
419 10
420 5
421 4
422 5
423 5
424 5
425 4
426 4
427 4
428 3
429 4
430 4
431 8
432 10
433 3
434 3
435 8
436 2
437 2
438 3
439 3
440 2
442 2
