13276 31 514 793 0 514
17033 512 772 516 0 772
128066 287 1102 1072 0 -
4613097 733 31 738 0 733
4635506 909 903 707 0 903
4672428 1037 903 1012 0 903
4692691 702 634 708 1 701,705
4715401 1069 681 982 1 256,320,630,747,1043
4715406 1043 630 745 0 1096,982,1066
4719255 681 666 767 1 256,352,630,665,766,1043
4719260 630 665 765 0 256,320,667,767,1043,1096
4721520 696 353 748 0 256,352,358,359,363,365,367,368,369,371,372,373,374,375,377,378,381,382,630,633,715,718,720,721,722,723,724,732,754,757,760,761,903,966,999,1001,1043,1050,1160
4721524 633 354 749 1 320,356,358,360,361,365,368,372,373,375,376,377,379,382,630,638,709,712,715,716,718,720,723,739,748,754,756,757,761,762,903,964,966,999
4731456 989 321 981 1 320,323,324,325,326,327,329,332,335,336,337,339,340,341,342,343,345,346,348,352,630,671,672,677,679,680,682,683,685,687,692,693,695,697,699,700,945,978,1159,658
4731460 945 322 667 0 320,324,326,330,331,332,333,334,336,337,338,340,341,343,344,345,348,349,570,671,673,674,676,677,679,682,684,685,686,689,690,692,700,701,702,978,981,1159,658
4740396 1096 353 670 0 352,355,357,360,361,363,365,366,367,368,370,375,376,378,380,381,382,383,567,969,630,671,674,676,677,679,680,683,685,687,690,693,695,697,699,700,702
4740400 567 354 981 1 353,354,356,357,365,366,368,371,373,374,381,382,572,671,673,679,683,684,685,686,699,700,1159
4742957 1037 383 686 0 352,353,354,355,368,369,572,689,1012
4749746 812 980 605 1 256,288,811,1068,1130
4749750 811 1068 602 0 256,320,605,810,1043,1153
4751789 941 289 599 1 288,289,293,294,299,301,302,303,305,309,310,311,313,314,316,605,607,608,610,611,612,622,623,632,943,993,996,1012,626,562
4751793 943 290 598 1 289,292,294,297,298,299,300,302,303,304,305,307,310,312,314,316,559,599,605,607,609,612,614,619,622,623,624,628,629,992,993,996,1012,1037
4754351 1021 319 614 1 304,305,520,1146
4760934 753 257 1068 0 257,261,266,268,270,272,273,280,282,283,285,320,518,519,520,529,532,542,744,944,1020,1021,1025,1043,1157
4760938 744 258 980 0 257,260,261,262,264,265,269,275,276,278,281,283,284,285,286,522,525,527,529,530,532,533,542,940,975,1023,1038,1027,1056,1068,1128,512
4769864 810 289 1055 1 288,289,292,294,296,297,303,309,311,312,314,315,318,518,523,529,530,532,634,637,809,939,940,1025,1056,1157
4769868 809 290 1153 0 288,290,295,296,297,301,302,303,304,305,307,309,310,311,312,315,317,318,518,519,520,522,523,525,530,634,637,808,940,975,1020,1021,1025,1052,1056,1157
4779516 881 926 958 1 320,352,923,1127,1142
4779520 1142 1127 924 0 882,958,1166
4781558 1153 353 941 0 320,352,360,370,371,374,377,378,380,381,383,1151,735,1123,922,923,958,1068,1142,1083,1094,1029
4781562 1068 354 942 0 352,356,357,360,362,363,364,365,366,367,369,371,372,376,377,383,661,1123,705,917,918,920,922,941,980,1075,1155,1073,1083,1036,1135,1167,1055,1081,1029
4784120 909 383 1083 0 320,353,354,355,368,369,707,920,1142,1075
4790703 1066 321 1127 1 320,321,325,328,329,339,342,344,347,349,350,771,904,907,908,912,913,979,1061,1158,717,1079
4790707 771 322 926 0 320,321,327,328,329,330,331,333,334,337,339,340,342,345,347,348,349,350,352,1149,1145,904,905,906,907,908,909,910,912,913,1054,1150,1067,1142,717,1161,1079,1127,1162
4799565 882 353 972 1 357,359,361,362,365,366,367,369,371,373,374,376,378,380,518,520,522,533,939,1046,1020,1021,1022,1024,1025,1039,1052,1056,977
4799569 1046 354 717 0 352,353,357,358,359,360,361,366,368,371,376,377,379,380,381,382,520,523,529,532,634,939,975,1020,1024,1038,1039,1027,1052,1056,1142,1157,1113,972
4814774 983 1164 986 0 1164
4834909 958 1038 921 1 1151,923
4893307 697 1038 703 1 692,772
4909124 1069 942 902 1 384,448,597,728,864
4909129 864 597 1089 0 601,902,1033
4913246 601 665 720 1 384,481,666,724,864,947
4913251 947 666 964 0 663,720,948
4915662 754 482 994 0 384,448,484,485,487,488,493,495,497,499,504,506,507,508,509,510,514,631,1144,708,713,719,733,736,747,748,762,765,772,864,999,1014,1039,1131
4915666 999 483 752 1 384,487,488,497,498,501,502,503,505,506,507,604,1144,708,713,719,731,750,755,757,762,766,864,947,1164,982,994,1039,726,1131,593
4925735 602 449 666 1 448,449,453,455,456,457,459,460,464,469,472,473,476,552,603,633,639,641,642,643,653,656,660,758,985,1103
4925739 603 450 665 1 448,450,452,453,456,458,463,464,467,468,469,470,472,478,479,552,627,633,640,648,651,652,653,656,662,696,758,1008,1103,1035
4928296 1155 479 651 0 384,449,450,451,464,465,627,652,864,917
4934904 1164 479 758 1 480,692,695,1039,1050
4935209 948 482 756 1 482,486,489,490,492,493,494,497,501,503,508,509,510,566,618,633,638,639,642,644,648,653,654,655,693,947,985,1004,1082,1164
4935213 618 483 663 1 482,483,487,488,489,490,491,492,493,494,495,499,500,502,504,505,507,510,552,633,640,643,645,648,652,653,654,655,656,657,660,949,985,1035,1103
4937770 563 1164 640 0 481,482,483,484,497,498,560,644,949
4944561 881 906 551 1 384,416,549,1107,1137
4944565 1137 1107 550 0 384,448,551,628,864,963
4946604 996 417 538 1 416,421,425,426,427,428,430,433,434,435,441,442,443,444,447,448,548,549,551,553,558,561,564,565,568,570,608,701,864,1007,1011,1018,1137
4946608 608 418 544 1 416,418,422,426,427,428,429,430,432,436,437,441,446,547,556,563,564,565,568,609,697,1006,1011,1018,1019,1110
4949166 621 447 558 0 384,417,418,419,432,433,609,625,1019,1137
4955749 1089 385 1107 1 384,385,390,392,395,396,397,398,399,401,406,407,408,409,411,412,413,416,448,598,600,611,615,619,621,622,624,629,632,763,864,922,990,992,1037,1057,1130,1137
4955753 763 386 906 0 386,388,390,391,392,395,396,397,398,401,403,407,410,448,599,611,612,615,619,621,622,626,632,864,992,1037,1130,1146,1165
4964679 963 417 605 0 419,420,421,422,423,424,426,427,428,430,440,441,442,443,445,598,599,600,612,615,629,632,1057,905,922,1012,1146,1045,1037,626,1129
4964683 1045 418 628 1 416,420,422,423,424,425,433,435,437,438,440,442,443,445,446,598,599,600,605,610,611,612,615,619,625,735,695,740,922,990,992,1012,1146
4974343 812 928 1166 1 448,480,650,813,1064
4974347 813 650 1127 1 448,480,533,650,813,814
4976440 905 481 543 1 484,485,489,492,494,496,497,498,499,500,501,503,504,507,508,510,1149,628,707,908,910,911,912,913,979,1150,1061,1064,1140,1158,1078,1161,1127
4976444 628 482 548 0 480,487,488,489,492,493,494,499,500,501,508,510,543,610,707,1145,908,910,912,913,915,1154,1064,1077,1107,1161,1127
4986133 1033 449 532 1 448,449,452,453,454,456,457,459,461,467,468,471,472,474,478,519,523,525,542,903,923,939,1021,1023,1025,1040,717,1128,972,1029
4986137 1040 450 533 0 448,453,457,460,461,463,465,466,468,469,471,475,477,478,518,519,532,863,923,939,940,1021,1022,1024,1025,958,1052,1056,717,1128,977
4995001 814 481 530 0 480,481,485,486,489,494,496,497,498,499,500,501,505,506,509,511,515,559,598,607,611,612,623,625,629,632,735,1057,927,1037,626,1129
4995005 515 482 977 1 480,481,484,485,488,489,490,491,493,496,497,498,500,501,504,505,508,509,511,529,530,559,598,599,611,612,615,619,622,623,624,629,632,735,773,813,927,993,1146,626
4997562 983 511 1129 0 480,481,482,483,496,497,986,629,773
5026270 1129 763 559 0 763
5083455 687 681 755 1 686,999
5126196 863 1154 593 1 384,448,707,732,1040
5126201 1040 707 737 0 593,909,1033
5130050 1154 654 736 1 448,480,631,657,707
5130055 707 657 1131 0 660,736,909
5132315 683 481 1160 1 448,480,484,486,487,488,489,491,492,493,494,495,500,501,505,506,510,659,707,709,710,712,720,724,728,730,733,739,742,747,757,772,961,982,1001,763
5132319 659 482 725 1 384,484,485,486,487,489,492,493,494,497,498,501,505,506,508,509,510,514,627,707,709,710,713,724,728,730,733,739,745,747,749,752,757,760,772,994,1001,1040,1160
5142251 908 449 1082 1 384,448,452,453,457,458,460,461,462,463,464,465,466,467,468,469,471,475,969,635,665,670,671,673,675,676,677,679,685,694,711,758,981,1040,1104,1074
5142255 1074 450 660 0 448,450,456,457,458,463,464,465,467,471,472,474,475,476,969,665,666,676,677,686,694,711,756,758,950,1163,658,1104
5151191 909 481 662 1 481,485,486,489,490,491,492,493,494,496,497,498,499,502,505,506,507,509,969,665,666,667,670,672,673,680,685,694,707,711,758,978,981,1163,726,658,976,1104
5151195 976 482 1082 0 480,481,484,485,491,492,494,495,497,499,500,501,504,507,508,510,635,662,664,667,671,673,675,676,679,682,693,694,707,949,978,981,1163,1104
5153752 585 511 673 0 480,481,482,483,496,497,581,671,949
5160541 773 1146 1073 1 384,416,515,596,938
5160545 515 938 921 0 615,814,1073
5162584 1107 417 1094 1 416,417,420,424,427,430,431,437,438,439,443,446,447,571,577,580,581,588,590,591,596,691,1002,1096,1140,1151
5162588 1140 418 661 1 384,416,417,420,425,426,427,429,430,431,432,434,435,436,437,439,440,442,443,444,445,446,515,567,571,575,578,580,581,582,1151,585,586,587,588,589,590,595,596,921,1002,1016,1158,1073,1094
5165146 556 447 1016 1 432,433,557,589
5171729 1038 385 938 0 385,387,392,393,394,395,397,398,399,400,401,407,411,412,413,416,515,547,549,550,551,554,555,556,557,560,568,570,610,925,1011,1018,1077
5171733 925 386 1146 1 385,388,389,390,391,394,397,398,399,400,401,402,407,408,409,410,411,412,413,414,416,448,515,543,548,551,554,555,556,557,560,562,564,565,568,570,605,634,907,938,1006,1011,1018,1019,1040,1153
5180659 814 417 1145 1 416,417,420,421,423,430,431,432,433,435,438,439,440,441,442,443,444,445,446,543,547,548,549,550,551,555,556,557,558,564,570,605,610,681,813,1018,1019,562
5180663 813 418 615 1 417,422,423,424,429,432,433,435,436,438,439,446,549,551,555,556,557,561,564,568,610,1145,812,1153,1006,1011
5190311 740 958 1128 1 448,480,924,975,1045
5190315 1045 924 903 1 448,480,924,963,1029,1045
5192353 615 481 1107 0 448,480,483,484,487,488,489,490,492,493,494,496,497,498,499,502,503,504,506,507,509,519,520,522,523,525,527,530,610,542,938,940,1022,1023,1025,1146,1045,1027,1056,1157,1128,977
5192357 938 482 906 0 480,484,487,488,489,492,494,495,496,498,499,500,506,507,508,509,510,511,518,519,520,523,525,530,542,1145,766,903,904,940,984,975,1021,1023,1025,1146,1107,1128,977
5194915 1129 511 1023 0 448,481,482,483,496,497,518,559,984,1045
5201498 1033 449 924 0 451,452,453,455,456,459,464,465,468,469,470,473,476,559,599,600,611,612,619,624,695,864,922,990,1012,1037,1129
5201502 864 450 958 0 449,450,452,455,456,461,463,464,465,466,469,470,472,473,474,476,477,529,559,599,600,611,619,621,629,695,1057,922,927,1069,1037,626,1129
5210360 963 481 902 0 488,490,491,492,493,495,497,499,501,502,504,505,508,509,510,551,553,554,555,556,558,560,564,565,568,681,1153,1007,1011,1068,1137
5210364 1137 482 927 1 481,482,484,487,488,489,491,492,494,496,497,502,504,505,507,509,543,549,550,551,555,557,558,564,565,568,570,881,1153,1011,1019
5219469 902 1109 927 0 0,32,53,55,57,58,59,60,62,64,66,67,68,70,72,76,78,80,81,84,86,87,88,90,91,94,95,96,97,101,102,103,108,109,111,112,116,117,118,119,120,121,126,127,128,135,137,141,142,143,145,146,148,149,150,153,154,155,156,157,159,161,162,163,166,168,170,173,174,175,176,178,180,181,182,183,184,186,189,190,191,192,193,194,196,197,198,199,200,201,202,203,204,205,207,208,210,213,215,216,217,219,222,227,234,238,240,241,242,244,247,249,250,253,254,513,515,636,524,606,616,1076,753,743,746,759,1003,769,771,773,774,775,776,778,779,780,781,782,784,785,786,787,790,792,793,795,797,798,799,801,805,806,807,808,809,811,814,816,818,819,821,822,823,824,825,827,830,831,832,834,836,837,838,839,840,843,844,845,847,848,850,851,852,856,858,863,865,867,869,870,872,874,875,878,880,881,882,1164,1086,535,1031,573,1038,1040,1042,1045,1048,1054,1063,1065,1066,1072,1142,1085,1087,1097,1102,1113,1117,1119,1122,1124,1136,1137,1138,512,668,526
9331447 927 121 94 0 121
9333510 121 94 932 0 94
