11 +0 -9 12 div
12 +0 -10 13 div
14 +0 -10 15 div
15 +0 -9 16 div
16 +0 -8 17 div
17 +0 -8 18 div
18 +0 -10 19 div
32 +0 -10 33 div
42 +0 -10 43 div
44 +0 -10 45 div
46 +0 -10 47 div
47 +0 -8 48 div
48 +0 -9 49 div
49 +0 -8 50 div
50 +0 -9 51 div
51 +0 -8 52 div
52 +0 -6 53 div
53 +0 -8 54 div
54 +0 -7 55 div
55 +0 -7 56 div
56 +0 -7 57 div
57 +0 -5 58 div
58 +0 -6 59 div
59 +0 -6 60 div
60 +0 -6 61 div
61 +0 -5 62 div
62 +0 -3 63 div
63 +0 -4 64 div
64 +0 -4 65 div
65 +0 -5 66 div
66 +0 -4 67 div
67 +0 1 68 div
69 +0 1 70 div
71 +0 1 72 div
72 +0 1 73 div
73 +0 1 74 div
77 +0 2 78 div
82 +0 1 83 div
87 +0 1 88 div
121 +0 -10 122 div
122 +0 -10 123 div
123 +0 -10 124 div
124 +0 -9 125 div
125 +0 -10 126 div
126 +0 -9 127 div
127 +0 -8 128 div
128 +0 -8 129 div
129 +0 -10 130 div
130 +0 -8 131 div
131 +0 1 132 div
132 +0 2 133 div
133 +0 1 134 div
134 +0 1 135 div
135 +0 1 136 div
136 +0 1 137 div
137 +0 2 138 div
138 +0 1 139 div
139 +0 1 140 div
140 +0 1 141 div
141 +0 1 142 div
142 +0 2 143 div
143 +0 1 144 div
144 +0 1 145 div
145 +0 1 146 div
146 +0 1 147 div
147 +0 2 148 div
148 +0 1 149 div
149 +0 1 150 div
150 +0 1 151 div
151 +0 1 152 div
152 +0 2 153 div
153 +0 1 154 div
154 +0 1 155 div
155 +0 1 156 div
156 +0 1 157 div
157 +0 2 158 div
158 +0 2 159 div
159 +0 1 160 div
160 +0 1 161 div
161 +0 1 162 div
162 +0 2 163 div
163 +0 1 164 div
164 +0 1 165 div
165 +0 1 166 div
166 +0 1 167 div
167 +0 2 168 div
168 +0 1 169 div
169 +0 1 170 div
170 +0 1 171 div
171 +0 1 172 div
172 +0 2 173 div
173 +0 1 174 div
174 +0 1 175 div
175 +0 1 176 div
176 +0 1 177 div
177 +0 1 178 div
178 +0 1 179 div
179 +0 1 180 div
180 +0 1 181 div
206 +0 -8 207 div
207 +0 -8 208 div
208 +0 -8 209 div
209 +0 -7 210 div
210 +0 -8 211 div
211 +0 -7 212 div
212 +0 -6 213 div
213 +0 -7 214 div
214 +0 -6 215 div
215 +0 -6 216 div
216 +0 -6 217 div
217 +0 -6 218 div
218 +0 -5 219 div
219 +0 -5 220 div
220 +0 -5 221 div
221 +0 -4 222 div
222 +0 -3 223 div
223 +0 -5 224 div
224 +0 -4 225 div
225 +0 -4 226 div
226 +0 -4 227 div
227 +0 -2 228 div
228 +0 -3 229 div
229 +0 -3 230 div
230 +0 -3 231 div
231 +0 -2 232 div
232 +0 5 233 div
233 +0 4 234 div
234 +0 4 235 div
235 +0 4 236 div
236 +0 5 237 div
237 +0 5 238 div
238 +0 4 239 div
239 +0 4 240 div
240 +0 5 241 div
241 +0 4 242 div
242 +0 3 243 div
243 +0 4 244 div
244 +0 3 245 div
245 +0 3 246 div
246 +0 3 247 div
247 +0 2 248 div
248 +0 2 249 div
249 +0 2 250 div
250 +0 2 251 div
251 +0 1 252 div
252 +0 1 253 div
253 +0 1 254 div
255 +0 1 256 div
269 +0 -3 270 div
270 +1 0 271 div
271 +0 -3 272 div
272 +0 -1 273 div
273 +0 -2 274 div
274 +0 -1 275 div
275 +0 -2 276 div
276 +0 -2 277 div
277 +0 -1 278 div
278 +0 -2 279 div
279 +0 -1 280 div
280 +0 -2 281 div
281 +0 -2 282 div
282 +0 -1 283 div
283 +0 -1 284 div
284 +0 -1 285 div
285 +0 -1 286 div
289 +0 3 290 div
291 +0 3 292 div
292 +1 3 293 div
293 +0 3 294 div
294 +1 2 295 div
295 +1 3 296 div
296 +1 2 297 div
297 +2 1 298 div
298 +2 2 299 div
299 +2 1 300 div
300 +1 1 301 div
301 +2 1 302 div
302 +0 -3 303 div
303 +2 0 304 div
304 +0 -3 305 div
305 +0 -3 306 div
306 +0 -2 307 div
308 +0 -2 309 div
309 +0 -2 310 div
310 +0 -2 311 div
311 +0 -1 312 div
312 +0 -1 313 div
313 +0 -1 314 div
314 -1 0 315 div
315 +0 -1 316 div
316 -1 0 317 div
317 +1 0 318 div
318 -1 0 319 div
319 +0 3 320 div
320 +1 0 321 div
321 +0 3 322 div
322 +2 2 323 div
323 +2 2 324 div
324 +2 2 325 div
325 +0 3 326 div
326 +2 2 327 div
327 +3 2 328 div
347 +1 0 348 div
348 +1 0 349 div
349 +1 0 350 div
350 +1 0 351 div
352 +0 -1 353 div
353 +2 0 354 div
354 +0 -1 355 div
355 +0 -1 356 div
356 +0 -1 357 div
361 -1 0 362 div
362 -1 0 363 div
363 -1 0 364 div
364 -1 0 365 div
370 +0 -1 371 div
373 +0 -1 374 div
379 -1 0 380 div
380 -1 0 381 div
381 -1 0 382 div
382 -1 0 383 div
385 -1 0 386 div
386 -1 0 387 div
387 -1 0 388 div
388 -1 0 389 div
389 -1 0 390 div
390 -1 0 391 div
395 +2 0 388 mul
396 +1 0 387 mul
397 +1 0 386 mul
400 +2 0 383 mul
401 +1 0 382 mul
402 +1 0 381 mul
405 +0 -1 378 mul
406 +0 -1 377 mul
407 +0 -1 376 mul
428 +2 1 355 mul
432 +1 0 351 mul
433 +2 1 350 mul
434 +2 1 349 mul
436 +1 0 347 mul
437 +1 0 346 mul
438 -1 0 345 mul
439 +1 0 344 mul
440 -1 0 343 mul
442 -1 0 341 mul
444 +2 0 339 mul
445 +2 0 338 mul
447 +1 0 336 mul
448 +1 0 335 mul
449 +1 0 334 mul
451 +0 1 332 mul
452 +0 1 331 mul
454 +0 1 329 mul
455 +0 1 328 mul
457 +0 1 326 mul
458 +0 1 325 mul
459 +0 1 324 mul
461 +0 -1 322 mul
462 +0 -1 321 mul
463 +0 2 320 mul
464 +0 -1 319 mul
465 +0 -1 318 mul
480 -1 0 303 mul
481 +0 -1 302 mul
485 +0 -1 298 mul
488 +0 1 295 mul
491 +0 1 292 mul
492 +0 2 291 mul
493 +0 2 290 mul
494 +0 2 289 mul
495 +0 2 288 mul
496 +0 3 287 mul
497 +0 3 286 mul
498 +0 3 285 mul
500 +0 3 283 mul
501 +1 0 282 mul
503 +1 0 280 mul
505 +1 0 278 mul
515 -1 0 268 mul
516 +0 -1 267 mul
517 -1 0 266 mul
518 +0 -1 265 mul
519 +0 -1 264 mul
520 +0 -1 263 mul
521 +0 -2 262 mul
522 +0 -2 261 mul
523 +0 -2 260 mul
524 +0 -1 259 mul
525 +0 -2 258 mul
532 +0 1 251 mul
533 +0 1 250 mul
534 +0 1 249 mul
535 +0 1 248 mul
536 +0 2 247 mul
537 +0 2 246 mul
538 +0 2 245 mul
539 +0 3 244 mul
540 +0 2 243 mul
541 +0 3 242 mul
542 +0 4 241 mul
543 +0 3 240 mul
544 +0 4 239 mul
545 +0 4 238 mul
546 +0 4 237 mul
547 +0 4 236 mul
548 +0 3 235 mul
549 +0 5 234 mul
550 +0 4 233 mul
551 +0 1 232 mul
552 +0 1 231 mul
554 +0 1 229 mul
555 +0 1 228 mul
558 +0 -1 225 mul
559 +0 -1 224 mul
560 +0 -1 223 mul
561 +0 -1 222 mul
562 +0 -1 221 mul
563 +0 -2 220 mul
564 +0 -1 219 mul
565 +0 -2 218 mul
566 +0 -3 217 mul
567 +0 -2 216 mul
568 +0 -3 215 mul
569 +0 -3 214 mul
570 +0 -3 213 mul
571 +0 -4 212 mul
572 +0 -4 211 mul
573 +0 -5 210 mul
574 +0 -4 209 mul
575 +0 -5 208 mul
576 +0 -5 207 mul
577 +0 -5 206 mul
579 +0 -5 204 mul
621 +0 -1 162 mul
622 +0 -1 161 mul
623 +0 -1 160 mul
624 +0 -1 159 mul
625 +0 -2 158 mul
626 +0 -3 157 mul
627 +0 -3 156 mul
628 +0 -3 155 mul
629 +0 -2 154 mul
630 +0 -3 153 mul
631 +0 -4 152 mul
632 +0 -3 151 mul
633 +0 -4 150 mul
634 +0 -4 149 mul
635 +0 -4 148 mul
636 +0 -5 147 mul
637 +0 -5 146 mul
638 +0 -5 145 mul
639 +0 -5 144 mul
640 +0 -6 143 mul
641 +0 -6 142 mul
642 +0 -6 141 mul
643 +0 -7 140 mul
644 +0 -6 139 mul
645 +0 -7 138 mul
646 +0 -8 137 mul
647 +0 -7 136 mul
648 +0 -8 135 mul
649 +0 -8 134 mul
650 +0 -8 133 mul
651 +0 -9 132 mul
652 +0 -9 131 mul
653 +0 -9 130 mul
654 +0 -9 129 mul
655 +0 -10 128 mul
