13276 31 514 793 0 514
17033 512 772 516 0 772
120766 771 1170 1070 0 -
127869 287 1102 1033 0 -
141630 771 1170 1073 0 -
152001 771 1170 1084 0 -
162429 771 1170 11 0 -
172793 771 1170 1087 0 -
183179 771 1170 11 0 -
210777 287 1051 1121 0 1051
292990 287 1035 1130 0 1035
384349 287 1077 1120 0 -
404493 287 1027 1114 0 1027
444667 287 1042 1112 0 1042
454637 287 1081 1125 0 -
484682 287 1034 1124 0 1034
554041 287 1081 1125 0 1081
563979 287 1151 1121 0 -
642384 287 1161 1112 0 1161
1377259 286 1034 287 0 1034
1605080 286 1134 287 0 1134
1990822 287 191 146 0 -
2015474 287 1135 196 0 1135
2104814 287 1079 176 0 1079
2340318 308 1097 309 0 -
2456781 287 1132 1118 0 1132
2939766 287 1108 36 0 -
2993363 287 1124 1158 0 1124
3016297 287 1114 1079 0 1114
3031311 287 1120 1079 0 1120
3099451 286 1032 1127 0 1032
3099456 287 1032 583 0 1032
3107034 287 678 583 0 -
3137235 287 1108 1131 0 -
3152178 286 1162 96 0 1162
3152183 287 1162 726 0 -
3166917 287 735 1132 0 735
3174192 287 1162 1161 0 1162
3181476 285 1132 1050 0 1132
3181481 286 1132 593 0 1132
3181486 287 1132 616 0 -
3188826 286 1161 1124 0 1161
3188831 287 1161 583 0 1161
3196075 285 616 1130 0 616
3196080 286 616 1120 0 -
3196085 287 616 594 0 -
3203249 285 583 593 0 583
3203254 286 583 1050 0 -
3203259 287 583 1127 0 583
3210485 285 1103 1143 0 -
3210495 287 1103 604 0 1103
3217711 286 176 1079 0 -
3217716 287 176 1158 0 176
3224839 283 583 1124 0 -
3224844 284 583 1108 0 583
3224849 285 583 1074 0 -
3224854 286 583 1120 0 -
3224859 287 583 176 0 -
3232002 283 1032 726 0 -
3232007 284 1032 593 0 -
3232012 285 1032 1131 0 1032
3232017 286 1032 1050 0 -
3232022 287 1032 1143 0 -
3239072 283 1108 176 0 -
3239077 284 1108 1132 0 -
3239082 285 1108 1127 0 1108
3239087 286 1108 1162 0 -
3239092 287 1108 616 0 -
3246070 281 726 1114 0 726
3246075 282 726 604 0 726
3246080 283 726 1124 0 -
3246085 284 726 1131 0 -
3246090 285 726 1050 0 726
3246095 286 726 1143 0 -
3246100 287 726 594 0 -
3253112 282 616 604 0 616
3253117 283 616 1132 0 -
3253122 284 616 1074 0 616
3253127 285 616 542 0 -
3253132 286 616 681 0 -
3253137 287 616 1127 0 -
3260097 283 1079 1124 0 1079
3260102 284 1079 1131 0 1079
3260107 285 1079 1050 0 -
3260112 286 1079 1143 0 -
3260117 287 1079 594 0 -
3266962 282 681 1114 0 681
3266967 283 681 735 0 -
3266972 284 681 604 0 -
3266977 285 681 1132 0 681
3266982 286 681 1074 0 -
3266987 287 681 542 0 -
3273750 280 583 1158 0 -
3273760 282 583 1124 0 583
3273765 283 583 1131 0 -
3273770 284 583 1050 0 -
3273775 285 583 1143 0 -
3273780 286 583 1127 0 -
3273785 287 583 681 0 -
3282138 283 1114 1162 0 1114
3282143 284 1114 542 0 -
3282148 285 1114 1074 0 -
3282153 286 1114 562 0 -
3282158 287 1114 583 0 -
3288625 281 1131 1158 0 1131
3288630 282 1131 176 0 1131
3288635 283 1131 1124 0 -
3288640 284 1131 1108 0 -
3288645 285 1131 681 0 -
3288650 286 1131 540 0 -
3288655 287 1131 1114 0 -
3294935 281 542 1127 0 542
3294940 282 542 1131 0 -
3294945 283 542 1050 0 -
3294950 284 542 1124 0 -
3294955 285 542 1108 0 -
3294960 286 542 681 0 -
3294965 287 542 540 0 -
3301126 280 524 1120 0 524
3301131 281 524 1158 0 524
3301136 282 524 176 0 -
3301141 283 524 526 0 -
3301146 284 524 542 0 -
3301151 285 524 1074 0 -
3301156 286 524 1124 0 -
3301161 287 524 1108 0 -
3307522 279 681 594 0 -
3307532 281 681 616 0 681
3307537 282 681 593 0 -
3307542 283 681 1079 0 681
3307547 284 681 1161 0 -
3307552 285 681 1114 0 -
3307557 286 681 583 0 -
3307562 287 681 524 0 -
3313770 278 524 1130 0 -
3313780 280 524 658 0 524
3313785 281 524 1120 0 -
3313790 282 524 1124 0 524
3313795 283 524 1162 0 -
3313800 284 524 1074 0 -
3313805 285 524 681 0 -
3313810 286 524 1127 0 -
3313815 287 524 1108 0 -
3319911 280 1108 616 0 -
3319916 281 1108 593 0 1108
3319921 282 1108 1161 0 -
3319926 283 1108 1131 0 -
3319931 284 1108 583 0 -
3319936 285 1108 524 0 -
3319941 286 1108 1162 0 -
3319946 287 1108 1074 0 -
3326006 279 1162 1130 0 1162
3326011 280 1162 521 0 -
3326016 281 1162 658 0 -
3326021 282 1162 681 0 -
3326026 283 1162 1120 0 -
3326031 284 1162 1108 0 -
3326036 285 1162 542 0 1162
3326041 286 1162 1127 0 -
3326046 287 1162 1131 0 -
3332003 279 1127 726 0 -
3332008 280 1127 616 0 1127
3332013 281 1127 583 0 -
3332018 282 1127 1114 0 -
3332023 283 1127 524 0 -
3332028 284 1127 1162 0 -
3332033 285 1127 1120 0 -
3332038 286 1127 1108 0 -
3332043 287 1127 681 0 -
3337959 277 1120 540 0 -
3337974 280 1120 1130 0 1120
3337979 281 1120 681 0 -
3337984 282 1120 521 0 -
3337989 283 1120 1127 0 -
3337994 284 1120 1124 0 -
3337999 285 1120 542 0 -
3338004 286 1120 524 0 -
3338009 287 1120 583 0 -
3339689 278 583 1162 0 -
3339694 279 583 1127 0 583
3339699 280 583 1124 0 -
3339704 281 583 542 0 -
3339709 282 583 1074 0 -
3339714 283 583 1108 0 -
3339719 284 583 521 0 -
3339724 285 583 681 0 -
3339729 286 583 1130 0 -
3339734 287 583 562 0 -
4611524 733 31 738 0 733
4633934 1147 1119 909 0 1119
4660567 520 1061 1022 0 1061
4691119 699 990 1145 1 708,702
4701219 705 31 710 0 -
4741313 612 383 687 1 368,369,686,763
4750149 1118 290 691 0 288,290,293,294,298,301,302,303,305,307,309,310,311,314,315,318,993,982,609,528,512,615,621,605,623,943,622,1012,601,996,763,629
4752707 520 319 512 0 256,289,290,291,304,305,1022,610,812,943
4779914 914 353 942 1 355,357,361,362,363,364,365,367,368,369,370,373,375,376,379,382,1086,717,1142,661,1121,941,921,980,1075,1048,584,917,1034,669,919,958,920
4779918 1075 354 628 0 320,354,356,357,359,362,364,366,369,371,373,374,378,381,382,383,1165,975,1086,915,918,922,1121,924,989,980,916,997,881,923,917,919,920
4782476 1147 383 1165 1 368,369,909,965
4813130 1114 902 1108 0 902
4833265 923 1085 584 1 975,962
4856050 625 926 624 0 926
4868567 695 902 1097 1 695,902
4874667 917 480 1034 0 480
4886750 603 752 708 0 -
4887581 948 752 733 0 -
4887585 618 752 708 0 752
4889412 1133 744 725 0 -
4891267 1094 744 961 0 -
4891271 1084 744 703 0 744
4908694 1094 744 1001 0 744
4908698 1084 744 966 0 744
4912960 948 752 760 0 752
4912964 618 752 708 0 752
4914139 481 752 731 0 481
4935846 1007 902 644 1 497,498,563,645
4947242 625 447 1019 0 384,417,418,419,432,433,556,608,624,963
4974516 1123 481 546 1 480,481,483,484,485,486,487,488,490,494,498,499,504,505,508,509,511,608,906,1104,1166,943,998,925,979,1169,1065,1129,908,996,1109,604,907,1027
4974520 943 482 543 0 448,486,488,490,491,493,495,496,497,498,500,503,505,508,509,510,511,814,607,546,608,1166,1147,1102,911,976,576,998,925,1169,902,1065,912,910,1136,908,996,1159,707,1027
4995638 1114 511 559 1 496,497,1108,1140
5024346 559 1099 1032 0 1099
5050979 557 904 554 0 904
5081531 682 688 754 1 687,755
5101760 723 30 1133 0 723
5105753 1136 31 1104 0 -
5114436 683 725 724 0 725
5114437 1027 724 604 0 -
5151564 581 511 535 0 480,481,482,483,496,497,1002,673,1163
5160396 1136 417 661 1 425,429,430,431,433,434,436,438,440,441,443,446,582,1005,1002,579,1016,588,590,975,586,1104,595,585,577
5162958 557 447 587 1 432,433,554,1016
5190165 614 481 1136 0 480,481,483,484,487,488,489,490,496,503,505,509,510,511,1022,527,1024,735,610,1119,1157,1025,1168,996,1110,944,940,1027
5190169 1110 482 604 1 481,482,486,489,490,491,492,493,494,496,497,499,500,507,508,511,1022,1021,525,527,522,1024,637,1010,1157,1052,523,519,518,1088,1128
5192727 559 511 518 1 496,497,1032,1052
5217281 970 890 926 0 890
5269339 688 672 969 0 -
5274457 688 671 922 0 -
5279605 688 671 598 0 -
5284727 688 670 596 0 -
5289845 688 1145 1099 0 -
5295043 688 634 1166 0 -
6303299 280 749 710 0 -
6303304 281 749 754 0 749
6303309 282 749 718 0 -
6303314 283 749 706 0 -
6303319 284 749 956 0 -
6303324 285 749 728 0 749
6303329 286 749 732 0 -
6303334 287 749 729 0 -
6309273 280 747 709 0 -
6309278 281 747 749 0 -
6309283 282 747 752 0 747
6309288 283 747 732 0 -
6309293 284 747 718 0 -
6309298 285 747 754 0 747
6309303 286 747 710 0 -
6309308 287 747 772 0 -
6315345 280 710 678 0 -
6315350 281 710 723 0 -
6315355 282 710 748 0 -
6315360 283 710 1092 0 -
6315365 284 710 573 0 -
6315370 285 710 747 0 710
6315375 286 710 749 0 -
6315380 287 710 709 0 -
6321465 280 709 964 0 -
6321470 281 709 764 0 -
6321475 282 709 716 0 -
6321485 284 709 772 0 709
6321490 285 709 710 0 -
6321495 286 709 729 0 -
6321500 287 709 747 0 -
6327626 282 723 737 0 -
6327631 283 723 730 0 -
6327636 284 723 709 0 723
6327641 285 723 749 0 -
6327646 286 723 710 0 -
6327651 287 723 729 0 -
6334080 281 689 710 0 -
6334085 282 689 729 0 689
6334090 283 689 716 0 -
6334095 284 689 764 0 -
6334100 285 689 964 0 -
6334105 286 689 747 0 -
6334110 287 689 723 0 -
6340425 281 1133 723 0 1133
6340430 282 1133 730 0 -
6340435 283 1133 737 0 -
6340440 284 1133 659 0 1133
6340445 285 1133 761 0 -
6340450 286 1133 678 0 -
6340455 287 1133 689 0 -
6346777 281 729 573 0 729
6346782 282 729 706 0 -
6346787 283 729 956 0 -
6346792 284 729 684 0 -
6346797 285 729 754 0 -
6346802 286 729 1133 0 -
6346807 287 729 739 0 -
6353165 281 689 772 0 689
6353170 282 689 752 0 -
6353175 283 689 732 0 -
6353180 284 689 718 0 -
6353185 285 689 749 0 -
6353190 286 689 710 0 -
6353195 287 689 729 0 -
6359589 282 1133 748 0 -
6359594 283 1133 1092 0 -
6359599 284 1133 747 0 1133
6359604 285 1133 723 0 -
6359609 286 1133 689 0 -
6359614 287 1133 678 0 -
6366257 283 729 772 0 -
6366262 284 729 573 0 -
6366267 285 729 739 0 -
6366272 286 729 1133 0 -
6366277 287 729 754 0 729
6372806 283 749 761 0 749
6372811 284 749 728 0 -
6372816 285 749 716 0 749
6372821 286 749 729 0 -
6372826 287 749 710 0 -
6379421 282 689 956 0 689
6379426 283 689 684 0 -
6379431 284 689 764 0 -
6379436 285 689 964 0 689
6379441 286 689 709 0 -
6379446 287 689 1092 0 -
6386082 283 710 718 0 -
6386087 284 710 730 0 -
6386092 285 710 737 0 710
6386097 286 710 748 0 -
6386102 287 710 721 0 -
6392774 284 709 706 0 -
6392779 285 709 678 0 -
6392784 286 709 754 0 -
6392789 287 709 1133 0 709
6399590 284 772 1092 0 -
6399595 285 772 709 0 772
6399600 286 772 964 0 -
6399605 287 772 678 0 -
6406352 284 706 716 0 -
6406357 285 706 752 0 -
6406362 286 706 689 0 -
6406367 287 706 772 0 -
6413245 285 710 573 0 710
6413250 286 710 739 0 -
6413255 287 710 732 0 -
6433867 284 737 764 0 -
6433877 286 737 1092 0 -
6433882 287 737 709 0 -
6446812 286 1038 689 0 1038
6446817 287 1038 772 0 -
6454305 284 743 678 0 743
6454310 285 743 525 0 -
6454315 286 743 1000 0 -
6454320 287 743 710 0 743
6461811 285 689 960 0 -
6461816 286 689 1024 0 -
6461821 287 689 721 0 -
6469368 286 1000 730 0 -
6469373 287 1000 754 0 -
6476863 286 893 525 0 -
6476868 287 893 1082 0 -
6484494 286 960 718 0 -
6484499 287 960 761 0 -
6499521 287 754 893 0 -
6507207 287 871 1038 0 -
6514888 287 1082 754 0 -
6530289 287 960 684 0 960
6553237 287 960 737 0 960
6568727 287 678 689 0 678
7157478 308 1082 309 0 -
8248035 287 1167 196 0 1167
8423085 287 956 906 0 -
8522344 287 932 906 0 -
9323591 1021 721 176 0 721
9325654 721 176 659 0 176
