77 +0 1 78 div
132 +0 1 133 div
137 +0 1 138 div
142 +0 1 143 div
147 +0 1 148 div
152 +0 1 153 div
157 +0 1 158 div
158 +0 1 159 div
162 +0 1 163 div
167 +0 1 168 div
172 +0 1 173 div
177 +0 1 178 div
179 +0 1 180 div
221 +1 0 222 div
222 +0 -4 223 div
224 +1 0 225 div
225 +1 0 226 div
226 +1 0 227 div
227 +0 -3 228 div
228 +0 -4 229 div
229 +0 -4 230 div
230 +0 -4 231 div
231 +0 -3 232 div
232 +0 4 233 div
233 +0 3 234 div
234 +0 3 235 div
235 +0 3 236 div
236 +0 4 237 div
237 +0 4 238 div
238 +0 3 239 div
239 +0 3 240 div
240 +0 4 241 div
241 +0 3 242 div
242 +0 3 243 div
243 +0 4 244 div
244 +0 3 245 div
245 +0 3 246 div
246 +0 3 247 div
247 +0 2 248 div
248 +0 2 249 div
249 +0 2 250 div
250 +0 2 251 div
251 +0 1 252 div
252 +0 1 253 div
253 +0 1 254 div
255 +0 1 256 div
269 +1 0 270 div
271 +1 0 272 div
272 +0 -2 273 div
273 +0 -3 274 div
274 +0 -2 275 div
275 +0 -3 276 div
276 +0 -3 277 div
277 +0 -2 278 div
278 +0 -3 279 div
279 +0 -2 280 div
280 +0 -3 281 div
281 +0 -3 282 div
282 +0 -2 283 div
283 +0 -2 284 div
284 +0 -2 285 div
285 +0 -2 286 div
286 +0 -1 287 div
287 +0 -1 288 div
288 +0 -1 289 div
289 +0 3 290 div
290 +0 -1 291 div
291 +0 3 292 div
292 +0 3 293 div
293 +0 3 294 div
294 +0 2 295 div
295 +0 3 296 div
296 +0 2 297 div
297 +1 1 298 div
298 +1 2 299 div
299 +1 1 300 div
300 +0 1 301 div
301 +1 1 302 div
302 +2 0 303 div
303 +1 0 304 div
304 +2 0 305 div
305 +2 0 306 div
306 +0 -3 307 div
307 +0 -1 308 div
308 +0 -3 309 div
309 +0 -3 310 div
310 +0 -3 311 div
311 +0 -2 312 div
312 +0 -2 313 div
313 +0 -2 314 div
314 +0 -1 315 div
315 +0 -2 316 div
316 +0 -1 317 div
317 -1 0 318 div
318 +0 -1 319 div
319 +0 3 320 div
320 -1 0 321 div
321 +0 3 322 div
322 +0 2 323 div
323 +0 2 324 div
324 +0 2 325 div
325 +0 3 326 div
326 +0 2 327 div
327 +2 2 328 div
328 +0 -1 329 div
347 -1 0 348 div
348 -1 0 349 div
349 +1 0 350 div
350 -1 0 351 div
360 -1 0 361 div
362 -1 0 363 div
364 -1 0 365 div
379 -1 0 380 div
383 -1 0 384 div
384 -1 0 385 div
385 +1 0 386 div
386 +1 0 387 div
387 +1 0 388 div
388 +1 0 389 div
389 +1 0 390 div
390 +1 0 391 div
393 +1 0 390 mul
394 +1 0 389 mul
398 +1 0 385 mul
399 +1 0 384 mul
428 +0 1 355 mul
431 +3 0 352 mul
432 +1 0 351 mul
433 +0 1 350 mul
434 +0 1 349 mul
435 +3 0 348 mul
439 -1 0 344 mul
442 +2 0 341 mul
452 +0 1 331 mul
460 +0 2 323 mul
463 +1 2 320 mul
466 +1 0 317 mul
470 +1 0 313 mul
476 -1 0 307 mul
478 -1 0 305 mul
479 -1 0 304 mul
480 +0 -1 303 mul
482 +0 -1 301 mul
483 +0 -1 300 mul
484 +0 -1 299 mul
486 +0 1 297 mul
487 +0 1 296 mul
488 +0 1 295 mul
489 +0 2 294 mul
490 +0 1 293 mul
491 +0 1 292 mul
492 +0 2 291 mul
493 +0 2 290 mul
494 +0 2 289 mul
495 +0 2 288 mul
496 +0 3 287 mul
497 +0 3 286 mul
498 +1 3 285 mul
500 +1 3 283 mul
502 +1 0 281 mul
511 -1 0 272 mul
514 -1 0 269 mul
515 +0 -1 268 mul
516 +0 -2 267 mul
517 +0 -1 266 mul
518 +0 -2 265 mul
519 +0 -2 264 mul
520 +0 -2 263 mul
524 +0 -2 259 mul
532 +0 1 251 mul
533 +0 1 250 mul
534 +0 1 249 mul
535 +0 1 248 mul
536 +0 2 247 mul
537 +0 2 246 mul
538 +0 2 245 mul
539 +0 3 244 mul
540 +0 2 243 mul
541 +0 2 242 mul
542 +0 4 241 mul
543 +0 2 240 mul
544 +0 3 239 mul
545 +0 3 238 mul
546 +0 3 237 mul
547 +0 3 236 mul
548 +0 2 235 mul
549 +0 4 234 mul
550 +0 3 233 mul
553 +0 -1 230 mul
556 +0 -1 227 mul
557 +0 -1 226 mul
558 +0 -2 225 mul
559 +0 -2 224 mul
560 +0 -2 223 mul
561 +0 -2 222 mul
562 +0 -2 221 mul
563 +0 -3 220 mul
564 +0 -2 219 mul
565 +0 -3 218 mul
566 +0 -4 217 mul
567 +0 -3 216 mul
568 +0 -4 215 mul
569 +0 -4 214 mul
570 +0 -4 213 mul
571 -1 0 212 mul
572 -1 0 211 mul
574 -1 0 209 mul
616 +0 -1 167 mul
618 +0 -1 165 mul
619 +0 -1 164 mul
620 +0 -1 163 mul
621 +0 -2 162 mul
622 +0 -2 161 mul
623 +0 -2 160 mul
624 +0 -2 159 mul
625 +0 -3 158 mul
626 +0 -4 157 mul
627 +0 -4 156 mul
628 +0 -4 155 mul
629 +0 -3 154 mul
630 +0 -4 153 mul
632 +0 -4 151 mul
646 +1 0 137 mul
648 +1 0 135 mul
649 +1 0 134 mul
650 +1 0 133 mul
