13276 31 514 793 0 514
17033 512 772 516 0 772
120766 771 1170 1070 0 -
127869 287 1102 1033 0 -
141630 771 1170 1073 0 -
152001 771 1170 1084 0 -
162429 771 1170 11 0 -
172793 771 1170 1087 0 -
183179 771 1170 11 0 -
210777 287 1051 1121 0 1051
292990 287 1035 1130 0 1035
384349 287 1077 1120 0 -
404493 287 1027 1114 0 1027
444667 287 1042 1112 0 1042
454637 287 1081 1125 0 -
484682 287 1034 1124 0 1034
554041 287 1081 1125 0 1081
563979 287 1151 1121 0 -
642384 287 1161 1112 0 1161
1377259 286 1034 287 0 1034
1605080 286 1134 287 0 1134
1990822 287 191 146 0 -
2015474 287 1135 196 0 1135
2104814 287 1079 176 0 1079
2340318 308 1097 309 0 -
2456781 287 1132 1118 0 1132
2939766 287 1108 36 0 -
2993363 287 1124 1158 0 1124
3016297 287 1114 1079 0 1114
3134646 287 1071 1143 0 -
3268455 280 593 1092 0 -
3268465 282 593 584 0 593
3268470 283 593 691 0 -
3268475 284 593 1161 0 -
3268480 285 593 573 0 -
3268485 286 593 535 0 -
3268490 287 593 1132 0 -
3276843 283 1071 681 0 1071
3276848 284 1071 726 0 -
3276853 285 1071 1130 0 -
3276858 286 1071 678 0 -
3276863 287 1071 593 0 -
3283330 281 691 1092 0 691
3283335 282 691 1124 0 691
3283340 283 691 584 0 -
3283345 284 691 1114 0 -
3283350 285 691 1132 0 -
3283355 286 691 540 0 -
3283360 287 691 1071 0 -
3289640 281 726 535 0 726
3289645 282 726 691 0 -
3289650 283 726 1161 0 -
3289655 284 726 584 0 -
3289660 285 726 1114 0 -
3289665 286 726 1132 0 -
3289670 287 726 540 0 -
3295831 280 524 626 0 524
3295836 281 524 1092 0 524
3295841 282 524 1124 0 -
3295846 283 524 526 0 -
3295851 284 524 726 0 -
3295856 285 524 1130 0 -
3295861 286 524 584 0 -
3295866 287 524 1114 0 -
3314590 280 540 36 0 -
3314595 281 540 1120 0 540
3314600 282 540 1114 0 -
3314605 283 540 1079 0 -
3314610 284 540 1103 0 -
3314615 285 540 726 0 -
3314620 286 540 562 0 -
3314625 287 540 524 0 -
3320685 279 562 681 0 562
3320690 280 562 542 0 -
3320695 281 562 521 0 -
3320700 282 562 573 0 -
3320705 283 562 1132 0 -
3320710 284 562 540 0 -
3320715 285 562 535 0 562
3320720 286 562 691 0 -
3320725 287 562 1079 0 -
3326682 279 691 1130 0 -
3326687 280 691 36 0 691
3326692 281 691 1103 0 -
3326697 282 691 678 0 -
3326702 283 691 726 0 -
3326707 284 691 562 0 -
3326712 285 691 1132 0 -
3326717 286 691 540 0 -
3326722 287 691 573 0 -
3332638 277 1132 735 0 -
3332653 280 1132 681 0 1132
3332658 281 1132 573 0 -
3332663 282 1132 542 0 -
3332668 283 1132 691 0 -
3332673 284 1132 1071 0 -
3332678 285 1132 535 0 -
3332683 286 1132 726 0 -
3332688 287 1132 1103 0 -
3334368 278 1103 562 0 -
3334373 279 1103 691 0 1103
3334378 280 1103 1071 0 -
3334383 281 1103 535 0 -
3334388 282 1103 524 0 -
3334393 283 1103 540 0 -
3334398 284 1103 542 0 -
3334403 285 1103 573 0 -
3334408 286 1103 681 0 -
3334413 287 1103 1161 0 -
4606203 733 31 738 0 733
4628613 1147 1119 909 0 1119
4655246 520 1061 1022 0 1061
4685798 699 990 1145 1 708,702
4695898 705 31 710 0 -
4708448 864 688 964 1 256,320,705,1067,1138
4708453 1067 1138 764 0 630,964,1073
4714555 697 353 749 1 358,360,361,365,368,369,372,373,374,376,377,378,379,380,631,718,721,724,725,729,756,757,758,760,761,766,767,770,1134
4714559 631 354 616 1 320,359,360,362,363,364,370,371,372,373,374,378,379,381,383,633,703,718,721,722,723,749,754,756,758,761,765,766,961,966,984,999,1014,1138
4724491 945 321 667 0 320,323,324,325,326,327,328,331,335,336,337,340,341,344,347,349,352,583,671,674,677,1158,680,682,685,692,693,695,700,978,1004,1097,1116,1138
4724495 1116 322 665 1 320,325,327,328,329,331,332,333,334,335,339,340,343,346,350,667,675,676,1158,679,682,686,687,689,690,692,693,699,702,978,1018,1126,1097
4733431 630 353 981 1 352,353,356,360,362,363,365,366,367,368,369,370,371,372,374,375,378,379,381,583,570,672,674,676,1158,679,682,683,684,685,686,687,695,978,1004,1097,594,1145
4733435 570 354 667 0 353,354,356,357,359,361,366,372,373,374,378,379,380,382,383,583,567,673,675,677,1158,679,686,689,692,695,699,700,1097
4735992 612 383 687 1 368,369,686,763
4744824 942 289 598 0 256,288,292,294,296,303,305,306,313,314,315,318,319,597,601,605,607,614,615,621,624,763,812,982,1108,1118
4744828 1118 290 1164 0 288,290,293,294,298,301,302,303,305,307,309,310,311,314,315,318,993,982,609,528,512,615,621,605,623,943,622,1012,601,996,763,629
4747386 520 319 512 0 256,289,290,291,304,305,1022,610,812,943
4762899 811 289 989 1 288,292,295,297,301,302,303,304,305,306,309,311,314,316,318,519,520,522,523,530,533,1113,810,812,940,941,1021,1022,1052,1056,1128
4762903 810 290 914 1 289,292,293,296,299,300,306,307,308,310,312,315,316,318,518,519,525,532,533,1131,809,941,989,1023,1024,1025,1085,636,1128,1168
4774593 914 353 942 1 355,357,361,362,363,364,365,367,368,369,370,373,375,376,379,382,1086,717,1142,661,1121,941,921,980,1075,1048,1127,917,1034,669,919,958,920
4774597 1075 354 628 0 320,354,356,357,359,362,364,366,369,371,373,374,378,381,382,383,1165,975,1086,915,918,922,1121,924,989,980,916,997,881,923,917,919,920
4777155 1147 383 1165 1 368,369,909,965
4783738 1073 321 576 0 321,323,325,326,328,330,331,333,335,339,340,343,344,346,349,352,707,881,904,906,910,911,912,998,1027,1035,1064,1070,1096,1104,1136,1159,1169
4783742 1070 322 744 0 320,321,329,330,334,338,340,343,345,347,352,576,1074,771,881,905,908,998,1027,1066,1104,1109,1129
4792600 1082 353 1003 0 353,356,361,370,378,379,380,522,532,533,1131,881,882,944,1088,636
4792604 882 354 904 0 352,353,354,357,359,361,362,363,369,370,371,374,375,376,377,379,380,381,518,522,523,525,530,533,1131,1113,698,881,940,1020,1025,1052,1085,1088,1168
4807809 678 902 540 0 902
4827944 923 1085 1127 1 975,962
4850729 625 926 624 0 926
4863246 695 902 1097 1 695,902
4869346 917 480 1034 0 480
4881429 603 752 708 0 -
4882260 948 752 733 0 -
4882264 618 752 708 0 752
4884091 1133 744 725 0 -
4885946 1094 744 961 0 -
4885950 1084 744 703 0 744
4886250 692 1085 994 1 695,706
4901987 864 628 903 1 384,448,533,600,1094
4901992 1094 600 970 0 597,903,1084
4903373 1094 744 1001 0 744
4903377 1084 744 966 0 744
4907639 948 752 760 0 752
4907643 618 752 708 0 752
4908441 751 482 731 0 384,448,485,486,487,493,496,499,500,503,509,510,511,1143,705,710,728,748,749,755,757,768,772,903,1094,604
4908445 755 483 734 1 384,487,488,489,491,494,495,498,499,500,501,503,506,510,1143,635,708,711,719,730,731,737,738,748,749,754,760,768,772,902,948,658,616,1094,1162
4908818 481 752 731 0 481
4918490 603 449 663 0 384,448,455,460,462,464,466,467,469,471,472,475,478,566,601,638,640,643,645,648,649,652,654,655,1094,1156
4918494 601 450 666 1 384,448,449,452,455,457,460,461,469,470,471,474,475,476,478,479,638,642,643,648,652,653,654,657,662,663,697,947,983,985,999,1094,1156
4921051 917 479 566 0 384,449,450,451,464,465,651,947,1034,1094
4930525 1007 902 644 1 497,498,563,645
4939359 528 417 544 1 384,417,420,421,422,428,429,430,431,432,437,438,440,443,445,547,551,554,557,560,563,565,607,692,699,702,963,1006,1007,1011,1160
4939363 607 418 517 0 417,418,420,421,422,423,424,425,426,427,430,432,434,435,439,441,443,445,447,543,547,551,553,555,558,560,564,568,608,699,702,945,1007,1018,1019,1116,1160
4941921 625 447 1019 0 384,417,418,419,432,433,556,608,624,963
4948504 1133 385 1136 0 387,389,393,394,395,397,399,400,401,402,407,413,414,512,619,621,624,625,629,763,922,969,992,993,996,1012,1099
4948508 1099 386 1074 1 385,386,388,394,398,400,401,402,403,407,408,409,410,412,413,414,596,598,599,610,621,622,623,624,625,629,632,922,969,972,1012
4957434 1043 417 602 1 420,422,424,425,427,429,431,432,433,435,436,438,439,443,445,446,599,610,614,619,621,622,624,625,632,1164,740,969,993,996,1012,1108,1140
4957438 740 418 943 1 416,417,418,420,422,426,434,436,437,438,442,443,444,512,611,614,615,619,629,1164,880,963,969,992,993
4969195 1123 481 546 1 480,481,483,484,485,486,487,488,490,494,498,499,504,505,508,509,511,608,906,1104,1166,943,998,925,979,1169,1065,1129,908,996,1109,1074,907,1027
4969199 943 482 543 0 448,486,488,490,491,493,495,496,497,498,500,503,505,508,509,510,511,814,607,546,608,1166,1147,1102,911,976,576,998,925,1169,902,1065,912,910,1136,908,996,1159,707,1027
4978888 1084 449 1020 0 449,451,452,455,458,459,464,468,472,474,475,476,477,480,522,525,527,637,814,863,924,962,1021,1023,1024,1056,1121,1128,1157
4978892 863 450 532 1 448,452,453,455,458,460,462,465,466,467,468,470,473,476,477,518,523,527,606,1131,637,904,923,924,939,962,1020,1022,1023,1024,1052,636,1157
4987756 515 481 1025 0 484,485,486,487,488,490,491,493,494,495,497,498,503,505,507,510,511,599,611,612,614,615,619,623,624,625,1164,763,773,926,969,992,1012,1108,1097
4987760 773 482 527 0 484,485,487,489,493,494,496,498,499,503,504,505,506,559,596,598,599,610,614,615,621,624,1164,763,774,814,982,992,993,1025,1108
4990317 678 511 559 1 496,497,540,1140
5019025 559 1099 1108 0 1099
5045658 557 904 554 0 904
5076210 682 688 754 1 687,755
5096439 723 30 1133 0 723
5100432 1136 31 1104 0 -
5109115 683 725 724 0 725
5109116 1027 724 1074 0 -
5124806 679 481 658 0 384,480,483,486,487,488,489,490,493,496,498,501,505,506,507,627,635,705,713,731,733,757,762,765,768,863,909,966,984,994,1001
5124810 627 482 728 1 448,486,487,488,490,491,492,493,494,495,496,497,498,500,501,502,504,505,506,507,510,511,635,708,711,713,715,725,731,733,734,736,738,750,757,762,765,767,768,770,909,947,658,961,966,984,987,1001,1014,1099
5134742 1035 449 660 0 448,449,451,459,461,463,464,466,468,469,473,474,634,664,667,670,673,675,685,687,758,908,981,1126
5134746 908 450 657 0 384,448,449,453,454,458,463,464,465,466,467,468,469,470,471,472,473,475,476,477,478,634,660,663,664,665,666,667,670,672,680,682,690,693,701,863,978,981,1008,1126,1081,1134,1145
5143682 1147 481 1156 1 484,490,492,493,494,495,500,501,502,503,505,506,507,509,510,511,634,666,667,671,672,673,674,675,676,680,682,685,690,701,950,981,594
5143686 950 482 660 1 480,482,486,488,489,491,492,494,495,497,498,499,500,501,502,505,506,509,511,583,634,663,664,665,667,670,671,673,674,675,676,682,701,1126,604,594,1134,1163
5146243 581 511 583 0 480,481,482,483,496,497,1002,673,1163
5155075 1136 417 661 1 425,429,430,431,433,434,436,438,440,441,443,446,582,1005,1002,579,1016,588,590,975,586,1104,595,585,577
5155079 1104 418 919 0 416,421,425,427,431,436,438,440,443,444,570,571,577,578,588,590,595,630,661,906,921,1002,1016
5157637 557 447 587 1 432,433,554,1016
5164224 1061 386 610 0 386,388,390,391,392,393,394,395,398,399,400,401,402,403,405,406,407,408,410,411,414,416,543,546,547,548,550,551,554,555,556,557,560,561,563,564,602,773,907,914,990,1006,1007,1011,1019
5173150 515 417 1027 1 417,419,420,421,422,423,424,426,430,431,434,438,439,440,443,445,546,547,550,551,555,556,563,564,565,568,602,688,773,814,1006,1018,1019,1075
5173154 814 418 614 1 416,417,421,423,424,425,426,428,429,432,433,434,436,439,440,441,445,547,548,550,553,554,555,557,558,560,561,563,565,568,602,773,813,914,1006,1027
5184844 614 481 1136 0 480,481,483,484,487,488,489,490,496,503,505,509,510,511,1022,527,1024,1113,610,1119,1157,1025,1168,996,1110,944,940,1027
5184848 1110 482 1074 1 481,482,486,489,490,491,492,493,494,496,497,499,500,507,508,511,1022,1021,525,527,522,1024,637,1010,1157,1052,523,519,518,1088,1128
5187406 559 511 518 1 496,497,1108,1052
5193989 1084 449 1121 0 448,449,455,458,459,461,465,468,469,470,471,472,473,474,476,478,533,559,596,598,599,605,622,625,632,1164,969,992,993,1047,1094,1097
5193993 1094 450 923 1 448,449,455,458,459,460,461,463,464,467,468,469,472,476,477,480,596,599,622,623,624,625,629,632,740,864,926,938,992,993,1108,1097,1121
5202851 1043 481 970 0 483,484,487,488,491,492,493,494,496,497,498,500,501,503,504,505,508,509,510,546,547,550,553,554,555,556,558,563,564,565,609,688,914,963,1006,1007,1011,1019,1075
5202855 963 482 926 1 480,482,484,488,490,492,494,498,499,500,502,503,507,508,509,546,549,550,554,558,560,561,565,914,1007,1011,1018,1046,1075,1166
5211960 970 890 926 0 890
5264018 688 672 969 0 -
5269136 688 671 922 0 -
5274284 688 671 598 0 -
5279406 688 670 596 0 -
5284524 688 1145 1099 0 -
5289722 688 634 1166 0 -
6297978 280 749 710 0 -
6297983 281 749 754 0 749
6297988 282 749 718 0 -
6297993 283 749 706 0 -
6297998 284 749 658 0 -
6298003 285 749 728 0 749
6298008 286 749 732 0 -
6298013 287 749 729 0 -
6303952 280 747 709 0 -
6303957 281 747 749 0 -
6303962 282 747 752 0 747
6303967 283 747 732 0 -
6303972 284 747 718 0 -
6303977 285 747 754 0 747
6303982 286 747 710 0 -
6303987 287 747 772 0 -
6310024 280 710 1158 0 -
6310029 281 710 723 0 -
6310034 282 710 748 0 -
6310039 283 710 616 0 -
6310044 284 710 1143 0 -
6310049 285 710 747 0 710
6310054 286 710 749 0 -
6310059 287 710 709 0 -
6316144 280 709 964 0 -
6316149 281 709 764 0 -
6316154 282 709 716 0 -
6316164 284 709 772 0 709
6316169 285 709 710 0 -
6316174 286 709 729 0 -
6316179 287 709 747 0 -
6322305 282 723 737 0 -
6322310 283 723 730 0 -
6322315 284 723 709 0 723
6322320 285 723 749 0 -
6322325 286 723 710 0 -
6322330 287 723 729 0 -
6328759 281 689 710 0 -
6328764 282 689 729 0 689
6328769 283 689 716 0 -
6328774 284 689 764 0 -
6328779 285 689 964 0 -
6328784 286 689 747 0 -
6328789 287 689 723 0 -
6335104 281 1133 723 0 1133
6335109 282 1133 730 0 -
6335114 283 1133 737 0 -
6335119 284 1133 659 0 1133
6335124 285 1133 761 0 -
6335129 286 1133 1158 0 -
6335134 287 1133 689 0 -
6341456 281 729 1143 0 729
6341461 282 729 706 0 -
6341466 283 729 658 0 -
6341471 284 729 684 0 -
6341476 285 729 754 0 -
6341481 286 729 1133 0 -
6341486 287 729 739 0 -
6347844 281 689 772 0 689
6347849 282 689 752 0 -
6347854 283 689 732 0 -
6347859 284 689 718 0 -
6347864 285 689 749 0 -
6347869 286 689 710 0 -
6347874 287 689 729 0 -
6354268 282 1133 748 0 -
6354273 283 1133 616 0 -
6354278 284 1133 747 0 1133
6354283 285 1133 723 0 -
6354288 286 1133 689 0 -
6354293 287 1133 1158 0 -
6360936 283 729 772 0 -
6360941 284 729 1143 0 -
6360946 285 729 739 0 -
6360951 286 729 1133 0 -
6360956 287 729 754 0 729
6367485 283 749 761 0 749
6367490 284 749 728 0 -
6367495 285 749 716 0 749
6367500 286 749 729 0 -
6367505 287 749 710 0 -
6374100 282 689 658 0 689
6374105 283 689 684 0 -
6374110 284 689 764 0 -
6374115 285 689 964 0 689
6374120 286 689 709 0 -
6374125 287 689 616 0 -
6380761 283 710 718 0 -
6380766 284 710 730 0 -
6380771 285 710 737 0 710
6380776 286 710 748 0 -
6380781 287 710 721 0 -
6387453 284 709 706 0 -
6387458 285 709 1158 0 -
6387463 286 709 754 0 -
6387468 287 709 1133 0 709
6394269 284 772 616 0 -
6394274 285 772 709 0 772
6394279 286 772 964 0 -
6394284 287 772 1158 0 -
6401031 284 706 716 0 -
6401036 285 706 752 0 -
6401041 286 706 689 0 -
6401046 287 706 772 0 -
6407924 285 710 1143 0 710
6407929 286 710 739 0 -
6407934 287 710 732 0 -
6428546 284 737 764 0 -
6428556 286 737 616 0 -
6428561 287 737 709 0 -
6441491 286 1038 689 0 1038
6441496 287 1038 772 0 -
6448984 284 743 1158 0 743
6448989 285 743 525 0 -
6448994 286 743 1000 0 -
6448999 287 743 710 0 743
6456490 285 689 960 0 -
6456495 286 689 1024 0 -
6456500 287 689 721 0 -
6464047 286 1000 730 0 -
6464052 287 1000 754 0 -
6471542 286 893 525 0 -
6471547 287 893 1082 0 -
6479173 286 960 718 0 -
6479178 287 960 761 0 -
6494200 287 754 893 0 -
6501886 287 871 1038 0 -
6509567 287 1082 754 0 -
6524968 287 960 684 0 960
6547916 287 960 737 0 960
6563406 287 1158 689 0 1158
7152157 308 1082 309 0 -
8242714 287 1167 196 0 1167
8417764 287 658 906 0 -
8517023 287 932 906 0 -
9318270 1021 721 176 0 721
9320333 721 176 659 0 176
