227 +1 0 228 div
231 +1 0 232 div
232 +0 2 233 div
233 +0 1 234 div
234 +0 1 235 div
235 +0 1 236 div
236 +0 2 237 div
237 +0 2 238 div
238 +0 1 239 div
239 +0 1 240 div
240 +0 2 241 div
241 +0 1 242 div
242 +0 2 243 div
243 +0 2 244 div
244 +0 1 245 div
245 +0 1 246 div
246 +0 2 247 div
247 +0 2 248 div
248 +0 2 249 div
249 +0 2 250 div
250 +0 2 251 div
251 +0 1 252 div
252 +0 1 253 div
253 +0 1 254 div
255 +0 1 256 div
272 +1 0 273 div
274 +1 0 275 div
277 +1 0 278 div
279 +1 0 280 div
282 +1 0 283 div
283 +1 0 284 div
284 +1 0 285 div
285 +1 0 286 div
286 +0 -3 287 div
287 +0 -3 288 div
288 +0 -3 289 div
289 +0 1 290 div
290 +0 -3 291 div
291 +0 1 292 div
292 +0 2 293 div
293 +0 1 294 div
294 +0 1 295 div
295 +0 2 296 div
296 +0 1 297 div
297 +0 1 298 div
298 +0 2 299 div
299 +0 1 300 div
300 +0 1 301 div
301 +0 1 302 div
306 +1 0 307 div
307 +0 -3 308 div
308 +1 0 309 div
309 +1 0 310 div
310 +1 0 311 div
311 +2 0 312 div
312 +2 0 313 div
313 +2 0 314 div
314 +0 -3 315 div
315 +2 0 316 div
316 +0 -3 317 div
317 +0 -2 318 div
318 +0 -3 319 div
319 +0 1 320 div
320 +0 -2 321 div
321 +0 1 322 div
322 +0 1 323 div
323 +0 1 324 div
324 +0 1 325 div
325 +0 1 326 div
326 +0 1 327 div
327 +0 2 328 div
329 +1 0 330 div
330 +1 0 331 div
331 +1 0 332 div
333 +0 -1 334 div
353 +0 -1 354 div
360 +0 -1 361 div
362 -1 0 363 div
364 -1 0 365 div
379 -1 0 380 div
380 -1 0 381 div
381 -1 0 382 div
382 -1 0 383 div
383 -1 0 384 div
384 +1 0 385 div
421 +3 0 362 mul
425 +3 0 358 mul
426 +3 0 357 mul
427 +3 0 356 mul
428 +2 1 355 mul
429 +3 0 354 mul
430 +3 0 353 mul
431 +1 0 352 mul
433 +2 1 350 mul
434 +2 1 349 mul
435 +1 0 348 mul
436 +1 0 347 mul
437 +1 0 346 mul
438 +1 0 345 mul
440 +1 0 343 mul
441 -1 0 342 mul
443 -1 0 340 mul
444 -1 0 339 mul
445 -1 0 338 mul
446 +0 -1 337 mul
447 +0 -1 336 mul
448 +0 -1 335 mul
449 +0 -1 334 mul
451 +0 1 332 mul
452 -1 0 331 mul
454 +0 1 329 mul
455 +0 1 328 mul
456 +1 1 327 mul
457 +1 2 326 mul
458 +1 2 325 mul
459 +1 2 324 mul
460 +0 2 323 mul
463 +0 1 320 mul
467 +1 0 316 mul
468 +1 0 315 mul
469 +1 0 314 mul
470 -1 0 313 mul
471 -1 0 312 mul
472 -1 0 311 mul
473 +0 -1 310 mul
474 -1 0 309 mul
475 +0 -1 308 mul
477 +0 -1 306 mul
486 +0 1 297 mul
487 +0 1 296 mul
488 +1 1 295 mul
489 +0 2 294 mul
490 +0 1 293 mul
491 +1 1 292 mul
492 +1 2 291 mul
493 +1 2 290 mul
494 +1 2 289 mul
495 +1 1 288 mul
496 +1 2 287 mul
497 +1 2 286 mul
498 +1 1 285 mul
500 +1 1 283 mul
506 +0 -1 277 mul
507 +0 -1 276 mul
508 +0 -1 275 mul
509 +0 -1 274 mul
510 +0 -2 273 mul
511 +0 -2 272 mul
512 +0 -1 271 mul
513 +0 -2 270 mul
514 +0 -2 269 mul
532 +0 1 251 mul
533 +0 1 250 mul
534 +0 1 249 mul
536 +0 1 247 mul
537 +0 1 246 mul
539 +0 2 244 mul
542 +0 2 241 mul
544 +0 1 239 mul
545 +0 1 238 mul
546 +0 1 237 mul
547 +0 1 236 mul
549 +0 2 234 mul
550 +0 1 233 mul
553 +0 -3 230 mul
556 +0 -3 227 mul
557 +0 -3 226 mul
558 +0 -4 225 mul
559 +0 -4 224 mul
560 +0 -4 223 mul
561 +0 -4 222 mul
562 +0 -4 221 mul
564 +0 -4 219 mul
565 +0 -2 218 mul
567 +0 -2 216 mul
610 +0 -1 173 mul
611 +0 -1 172 mul
613 +0 -1 170 mul
614 +0 -1 169 mul
615 +0 -2 168 mul
616 +0 -3 167 mul
617 +0 -2 166 mul
618 +0 -3 165 mul
619 +0 -3 164 mul
620 +0 -3 163 mul
621 +0 -4 162 mul
622 +0 -4 161 mul
623 +0 -4 160 mul
624 +0 -4 159 mul
