17033 512 772 516 0 772
4614127 978 1065 910 0 1065
4640760 519 1085 1023 0 1085
4651049 549 1065 615 0 1065
4671312 571 744 974 1 700,706
4692630 1040 948 744 0 690,866,1143
4697675 949 661 1135 1 256,352,664,701,948,1040
4697680 948 664 770 0 256,320,984,1040,1135,1143
4699925 695 353 747 0 256,352,355,356,357,358,361,363,365,366,368,371,373,374,378,381,383,543,631,634,702,718,721,752,754,756,759,762,763,948,963,966,1002,1017,1040
4699929 634 354 588 0 320,356,358,359,360,364,365,366,367,368,370,378,380,381,543,613,635,690,702,708,715,716,720,747,754,755,756,763,772,948,963,1002
4709861 698 321 666 1 321,323,324,325,327,329,330,331,333,334,335,337,338,339,340,341,342,343,344,345,348,349,352,564,630,658,670,672,674,675,677,680,682,684,685,689,692,697,700,948,980,1006,1019,1035,1078,1125,1172
4709865 630 322 984 1 321,322,325,326,329,331,332,333,336,337,338,340,342,345,346,349,564,658,670,672,673,677,683,684,687,692,693,1006,1008,1078,1125
4718801 1143 353 726 0 353,356,359,362,363,364,366,369,370,371,373,376,379,568,670,673,674,677,680,682,683,685,687,693,733,948,980,1125
4718805 568 354 666 1 352,353,354,356,360,361,364,365,369,371,374,375,376,377,379,380,383,564,567,571,670,672,675,683,685,689,692,693,948,980,1006,1009,1125
4721362 549 383 685 1 368,369,615,684
4728151 813 916 601 1 288,320,603,812,1040,1047
4728155 812 1047 1014 0 256,320,601,811,981,1040
4730194 945 289 596 0 256,288,289,291,293,295,296,301,306,307,309,312,313,314,316,317,318,320,582,600,601,605,609,611,612,614,621,622,623,625,628,998,1014,1040,1161
4730198 1161 290 595 0 288,290,293,294,298,301,302,303,305,307,309,310,311,314,315,318,600,603,607,608,609,611,614,615,624,625,628,989,994,996,998,1126
4732756 519 319 611 0 256,289,290,291,304,305,812,989,1023,1130
4739339 1113 257 1047 0 256,265,266,268,269,270,271,273,276,284,288,518,519,530,559,812,942,1021,1052,1056,1121,1129
4739343 559 258 916 1 256,258,260,261,263,265,267,269,270,271,273,274,275,276,277,278,280,281,284,285,286,288,320,518,519,520,521,523,527,529,530,637,812,941,942,943,944,947,1021,1022,1024,1040,1052,1074,1090,1129
4748269 811 289 1170 0 289,295,296,299,300,302,304,306,308,310,311,313,314,315,317,518,519,520,521,523,527,678,744,810,812,941,943,944,990,1109,1121,1129
4748273 810 290 981 0 292,293,295,296,298,300,302,303,305,306,307,309,312,314,317,518,520,523,525,527,529,530,678,744,809,812,942,943,944,1022,1023,1052,1056,1074,1170
4757921 740 927 1110 1 320,352,514,669,1108
4757925 514 1108 1068 0 1080,1110,1150
4759963 981 353 945 1 355,357,361,362,363,364,365,367,368,369,370,373,375,376,379,382,663,676,681,917,918,920,922,924,975,1046,1047,1068,1137,1145,1152,1157,1166
4759967 1047 354 946 0 320,354,356,357,359,362,364,366,369,371,373,374,378,381,382,383,514,663,681,916,917,919,921,922,923,925,940,982,1043,1068,1110,1157,1170
4762525 978 383 921 1 368,369,665,910
4769108 866 321 1108 0 320,323,325,327,331,336,338,342,344,346,352,514,907,908,910,912,915,1060,1092,1103,1133,1168
4769112 1092 322 927 1 321,322,324,325,328,329,331,335,336,344,346,349,512,907,910,911,912,915,967,1048,1083,1128,1168
4777970 1080 353 905 0 353,355,356,357,358,359,360,364,366,368,369,371,373,376,377,378,380,381,382,514,520,522,523,525,530,637,646,678,744,883,942,943,990,1022,1023,1052,1067,1074,1109,1121
4777974 883 354 1048 0 352,353,354,356,359,361,363,364,365,366,368,370,371,373,375,376,377,380,514,518,522,523,525,527,678,884,941,942,990,1021,1022,1023,1052,1067,1129
4793179 540 977 753 0 977
4813314 1110 1074 676 1 669,1043
4836099 621 928 622 0 928
4846388 1010 1067 561 0 1067
4848616 693 977 1035 1 693,977
4854716 681 480 1137 0 480
4871532 692 1074 969 1 693,724
4887141 1071 946 969 1 384,448,598,725,1075
4887146 1075 598 736 0 599,957,969
4891146 599 664 716 1 448,481,661,715,951
4891151 951 661 1002 0 662,716,952
4893523 750 482 710 1 448,481,484,493,498,500,501,507,509,510,511,606,711,728,746,757,764,767,770,904,951,958,999,1067
4893527 999 483 973 1 384,486,488,489,491,494,495,496,498,499,504,506,507,508,529,710,711,725,730,731,732,736,737,739,745,752,758,764,770,951,965,972,1067,1075,1165
4903524 1014 449 661 1 448,449,451,452,455,458,464,465,467,468,474,600,639,645,649,655,694,695,755,988,1058,1158
4903528 600 450 664 1 449,450,453,454,456,457,461,462,464,465,466,468,471,472,474,475,580,633,634,635,638,640,643,644,645,649,652,653,655,656,1058
4906085 681 479 988 0 384,449,450,451,464,465,580,649,1075,1137
4912693 977 479 755 1 480,693,754,1035,1067
4912998 952 482 1149 1 481,484,485,486,487,490,491,492,495,496,497,499,502,503,504,506,507,509,633,635,638,640,641,644,645,649,652,653,654,660,688,693,694,951,977,985,988,991,1035,1124,1171
4913002 1171 483 662 1 482,483,485,486,488,494,499,500,501,506,511,566,638,643,645,648,654,656,691,694,695,977,985
4915559 1010 977 566 0 481,482,483,484,497,498,561,643,691
4922350 740 1051 548 1 384,416,907,1031,1079
4922354 1079 907 593 0 548,882,989
4924393 608 417 1116 1 416,420,421,422,423,425,426,427,431,434,440,441,442,445,447,448,545,550,551,561,565,571,593,605,667,698,700,926,1008,1012,1013,1075,1079
4924397 605 418 541 0 416,417,421,423,424,425,429,430,431,432,433,434,436,437,438,439,440,443,444,445,448,517,548,553,555,556,560,561,563,582,593,630,697,698,700,1008,1010,1011,1012,1013,1031,1075,1079,1116
4926955 621 447 557 0 384,417,418,419,432,433,582,622,1011,1079
4933538 1102 385 907 1 385,387,390,392,400,402,405,406,407,408,409,410,411,414,448,549,595,596,603,609,612,622,623,624,628,903,923,992,993,1000,1075
4933542 903 386 1051 0 384,389,390,392,393,394,395,398,399,400,401,402,403,404,406,408,409,412,413,414,549,603,611,612,614,615,621,622,624,625,761,907,923,976,992,993,994,998,1000,1016,1111,1126,1156
4942468 882 417 601 1 416,419,420,422,425,426,427,428,429,433,434,435,436,437,439,442,443,595,612,618,622,623,628,761,881,992,993,994,995,996,1079,1105,1111,1126,1156
4942472 881 418 989 0 416,417,420,422,424,425,426,428,429,430,431,432,434,435,440,443,444,445,595,601,611,612,615,621,623,624,625,628,761,923,992,994,1000,1039,1079,1111,1130,1156
4952132 813 1154 1150 1 448,480,814,1091,1140
4952136 814 1140 1108 1 448,480,515,530,814,1140
4954229 1105 481 1015 0 448,481,483,484,488,492,495,499,504,505,506,507,509,510,512,609,814,910,979,989,1028,1051,1055,1103,1108,1128,1141,1150,1168
4954233 989 482 545 1 448,482,484,486,492,494,497,498,499,501,502,505,506,507,509,510,511,582,609,696,814,908,910,912,913,914,1028,1055,1089,1103,1108,1128,1133,1150,1168
4963922 957 449 522 0 449,451,455,457,458,459,460,462,463,465,467,469,470,472,473,475,477,480,518,520,523,525,637,646,669,699,814,865,941,942,944,990,1022,1023,1068,1109,1129
4963926 865 450 530 1 450,452,453,455,466,468,469,470,471,472,475,476,480,518,519,521,523,602,669,699,814,925,1022,1023,1048,1052,1056
4972790 515 481 527 0 480,481,483,487,488,489,490,491,492,494,497,498,499,500,501,502,506,508,509,511,611,614,615,618,622,623,625,628,773,923,928,970,992,993,994,995,998,1016,1126,1156
4972794 773 482 525 1 480,485,487,488,492,495,497,500,501,504,507,508,509,527,596,615,621,625,628,761,774,923,970,993,994,996,998,1126,1130
4975351 540 511 623 1 496,497,753,993
5004059 623 903 1156 0 903
5030692 555 1048 517 0 1048
5040981 1004 903 579 0 903
5061244 682 949 752 1 685,999
5102287 865 910 949 0 957,978,1006
5107332 911 655 705 1 448,480,656,749,910
5107337 910 656 706 0 705,978,1124
5109582 680 481 711 0 448,480,483,486,487,488,489,491,494,495,496,498,499,501,502,505,507,509,510,529,575,631,715,728,729,730,737,752,758,770,772,910,950,962,965,966,1002,1017
5109586 950 482 732 1 384,484,485,486,487,491,492,493,494,497,499,500,504,505,506,510,511,529,543,580,689,702,711,716,718,728,730,737,750,757,770,772,865,910,958,963,999,1002,1006
5119518 1120 449 654 1 451,456,457,462,463,465,466,467,471,473,474,475,476,478,554,558,632,662,664,670,674,675,683,733,755,983,1009,1060,1149
5119522 1060 450 1124 0 448,450,452,454,455,458,461,466,468,471,472,473,474,476,477,478,558,632,661,662,664,672,677,685,726,953,980,1009,1019,1078,1125,1149
5128458 978 481 985 1 480,481,490,492,498,499,501,508,510,547,554,564,664,666,670,671,683,687
5128462 547 482 654 0 484,490,494,495,498,503,504,505,511,554,558,632,664,672,674,675,682,687,691,910,983,985,1125
5131019 1004 511 670 0 480,481,482,483,496,497,579,691,1019
5137808 774 1130 1152 1 416,448,590,773,865,1153
5137812 773 1153 676 1 384,416,515,612,773,1153
5139851 907 417 1145 1 384,416,417,421,422,423,425,428,430,435,436,440,441,447,448,534,569,572,585,591,865,922,1001,1005,1007,1045,1119,1138,1143
5139855 1138 418 1157 0 418,422,424,427,428,431,433,435,436,437,439,440,441,443,447,448,534,542,572,574,577,579,585,587,589,590,591,773,865,922,1001,1045,1143,1168
5142413 555 447 585 1 432,433,517,534
5148996 1074 385 1153 1 385,389,395,396,397,398,399,401,403,404,406,407,409,410,411,413,448,550,551,553,555,557,561,563,565,607,865,909,1008,1010,1012,1013,1025,1031,1085
5149000 1085 386 1130 0 385,386,388,390,391,392,393,394,396,397,398,400,401,404,408,411,412,416,448,517,545,546,548,550,551,555,560,565,593,601,667,744,773,865,1012,1013,1015
5157926 515 417 1141 0 416,420,426,428,431,432,434,437,438,439,445,446,548,550,553,555,556,561,601,609,773,814,1008,1011,1031
5157930 814 418 612 0 416,417,425,427,429,430,431,434,435,436,437,438,439,441,443,444,546,548,550,551,553,557,560,607,773,813,981,1010,1011,1012,1013,1015,1031,1141
5167578 1039 1110 646 1 448,480,881,944,1068
5167582 881 1068 1065 0 646,882,925
5169620 612 481 907 0 448,481,483,485,486,487,490,492,494,495,496,502,504,505,506,509,510,511,519,521,609,646,699,881,943,990,998,1021,1022,1023,1024,1065,1067,1109,1121,1141,1153
5169624 1153 482 1051 0 480,482,484,489,491,492,493,496,501,502,504,506,507,508,510,511,520,523,525,637,699,939,941,944,990,1021,1023,1065,1109,1121,1130,1141
5172182 623 511 1129 1 496,497,1056,1156
5178765 957 449 1068 1 448,449,451,452,453,455,456,459,461,463,464,469,472,474,475,476,478,549,603,614,615,621,625,923,970,995,996,1000,1016,1035,1054,1075,1111,1156
5178769 1075 450 1110 0 448,450,452,453,455,457,460,462,464,465,466,467,469,470,471,478,549,595,596,603,614,615,618,622,623,624,628,993,1000,1054,1071,1156
5187627 882 481 703 1 480,481,485,488,492,493,495,496,500,501,503,504,506,507,510,545,548,553,555,561,563,667,908,949,1008,1010,1011,1013,1025,1079
5187631 1079 482 928 1 481,484,485,487,489,490,491,492,493,494,496,506,509,510,517,545,550,551,553,593,601,667,703,740,949,981,1011,1013,1015,1031
9252045 177 176 1140 0 176
9254108 176 1140 156 0 1140
