17012 512 772 516 0 772
4605472 1135 977 978 0 977
4632105 1023 926 518 0 926
4642394 996 977 549 0 977
4683884 1091 949 1055 0 948,992,1101
4688934 949 661 543 0 664,772,948
4691174 692 353 1124 1 320,352,357,358,360,361,362,365,368,370,372,374,375,376,378,382,383,613,631,642,715,716,736,739,744,746,747,749,755,756,757,759,949,977,999,1002
4691178 631 354 741 1 256,320,352,357,358,362,363,364,366,367,369,370,373,375,376,377,379,381,382,383,634,642,702,715,721,731,736,744,746,747,749,752,754,755,758,759,962,965,966,977,1017,1091,1103,1124
4701110 630 321 984 0 256,321,323,325,327,328,329,330,333,335,336,337,339,340,342,343,348,350,564,571,670,674,675,683,685,689,693,697,980,1006,1009,1087,1091,1119,1131,1151,1155
4701114 1131 322 664 0 321,325,328,329,330,331,332,339,342,344,345,346,350,564,637,671,672,673,674,684,687,689,693,984,1006,1151,1155,1168
4710050 948 353 666 1 353,357,358,359,360,361,363,366,367,370,371,373,377,379,381,382,564,658,670,671,672,673,674,680,682,683,684,694,697,723,949,1008,1019,1155
4710054 1008 354 984 0 352,353,354,358,369,370,371,373,376,378,379,381,568,658,682,683,684,689,694,949,1009,1019,1119
4712611 996 383 682 1 368,369,549,685
4719400 808 1169 1014 1 256,288,601,807,940
4719404 807 940 600 1 288,320,806,807,940,990,1091
4721443 946 289 595 1 256,295,296,298,300,305,306,308,309,310,311,313,314,317,318,320,599,600,603,607,608,609,611,612,614,618,622,967,998,1091,1106,1161
4721447 967 290 1016 0 256,288,289,290,292,294,296,298,302,303,304,313,314,315,317,549,600,601,603,615,618,621,625,807,996,998,1146,1161
4724005 1023 319 681 0 256,289,290,291,304,305,518,609,807,1146
4730588 688 257 940 0 260,262,263,264,267,269,274,275,276,278,279,280,281,282,286,519,520,521,523,525,527,646,676,722,943,1022,1024,1038,1039,1057,1085
4730592 646 258 1169 1 260,262,263,264,265,268,269,274,276,277,278,280,284,286,288,519,520,522,523,525,678,722,807,940,941,943,947,1021,1038,1039,1057,1085,1140,1142
4739518 806 289 735 0 288,295,297,299,300,302,304,305,309,310,313,314,315,318,518,523,525,527,676,722,805,807,941,943,945,1021,1022,1023,1085
4739522 805 290 990 0 289,290,292,293,295,296,297,299,300,305,306,307,309,312,316,518,522,523,525,527,530,709,804,941,944,1021,1024,1053,1140
4749170 1078 761 669 1 320,352,740,924,1145
4749174 740 1145 983 1 320,352,740,1115,1141,1145
4751212 990 353 946 1 940
4751216 940 354 1082 0 320,354,358,359,362,367,368,369,373,374,379,383,665,686,690,735,740,917,918,919,920,922,923,1084,1172
4753774 1135 383 1167 0 320,353,354,355,368,369,740,921,978,1172
4760357 1101 321 1145 1 320,321,324,327,329,331,333,338,339,341,343,344,345,346,347,866,906,907,908,913,915,972,1028,1059,1111,1126,1127,1163,1164,1165
4760361 866 322 761 0 320,322,327,328,329,332,334,335,336,338,339,342,345,346,349,350,699,905,906,907,910,911,913,972,978,979,1028,1063,1126,1127,1136,1150
4769219 1115 353 904 1 1049
4769223 1049 354 699 0 352,354,356,357,366,367,371,372,374,378,380,382,518,522,523,525,722,883,947,992,1021,1023,1064,1085
4784428 1065 703 1158 0 703
4827348 622 927 1161 0 927
4837637 556 1064 1010 0 1064
4845965 1116 480 583 0 480
4913235 1078 907 581 1 384,416,548,882,906
4913239 882 906 546 1 384,416,881,882,906,1146
4915278 607 417 541 0 384,416,421,422,424,425,427,428,430,431,435,440,444,445,447,546,551,561,563,571,581,637,882,925,998,1010,1011,1015,1025,1131
4924423 903 385 906 0 387,388,389,390,391,393,395,396,397,398,401,402,405,406,408,410,413,549,595,608,609,611,612,614,618,621,622,623,628,667,681,976,995,1113,1117
4924427 976 386 907 1 389,391,393,395,398,400,401,402,403,404,405,407,410,412,413,414,416,549,590,594,595,601,603,612,618,621,622,624,625,667,681,748,882,906,993,1113,1117,1161
4933353 881 417 1014 1 417,421,422,426,428,429,431,432,437,438,439,440,442,443,444,445,549,590,609,611,612,614,615,621,622,625,667,681,882,993,1009,1016,1031,1117
4994944 667 976 625 0 976
5021577 517 699 553 0 699
5031866 579 976 1005 0 976
5093053 602 978 1172 0 629,865,1135
5098103 978 655 741 0 384,448,602,656,762,1135
5110279 1127 449 576 1 448,453,457,458,459,460,461,462,464,465,466,469,471,473,474,476,477,480,558,593,661,670,671,672,673,689,723,752,964,972,978,980,984,1019,1151,1155
5119223 953 482 576 0 482,484,486,488,491,492,493,495,498,499,502,503,504,507,508,509,510,547,558,593,613,664,666,671,672,673,677,689,707,750,964,978,980,984,1087,1119
5128569 812 609 1110 1 416,448,602,616,811,939
5128573 811 939 1173 0 384,448,602,611,810,1110
5130612 906 417 1129 0 384,416,419,421,426,427,428,431,432,433,435,439,440,445,446,554,568,570,577,579,586,589,659,811,922,1004,1005,1020,1164,1173
5130616 1164 418 1084 0 384,421,422,427,428,429,432,434,435,438,439,440,445,447,542,554,569,570,577,579,586,587,589,665,698,811,948,1008,1020,1059,1129,1173
5139757 1039 385 939 0 385,387,393,395,396,400,403,404,405,407,409,412,414,448,546,548,553,557,560,565,602,608,908,926,990,1010,1011,1012,1109
5139761 926 386 609 1 385,386,395,398,399,403,407,409,410,413,548,551,560,563,637,992,1010,1011,1013
5148687 810 417 909 0 417,419,420,421,422,423,425,427,430,431,432,433,437,438,443,444,445,517,548,553,555,556,561,563,565,629,637,809,811,940,1011,1014,1025,1106,1109,1123
5148691 809 418 611 0 416,420,421,422,424,426,427,428,430,433,434,436,437,438,439,440,442,445,546,548,550,553,556,560,565,581,629,637,808,909,990,1010,1011,1012,1013,1014,1015,1025,1109
5158343 1031 983 977 1 448,480,686,881,983,1031
5160381 611 481 906 1 480,481,483,485,489,490,492,496,497,501,505,506,507,508,511,518,520,521,523,603,608,676,722,905,909,939,944,1038,1053,1085
5160385 939 482 907 0 481,488,489,491,492,493,498,503,504,506,508,509,510,520,521,709,722,906,938,943,947,965,977,1021,1022,1024,1038,1140
5169526 865 449 983 1 448,449,451,453,454,455,460,463,466,467,469,470,472,476,478,549,590,595,596,601,612,615,623,624,957,993,1009,1112,1117,1161
5169530 957 450 669 1 448,454,455,456,461,463,464,466,467,469,470,473,474,476,478,530,595,596,601,614,615,622,623,624,625,983,993,1009,1094,1112,1113,1117,1148
5178392 882 482 927 1 480,481,482,485,487,489,490,491,492,494,496,497,500,501,502,503,505,506,507,509,510,546,548,550,551,553,555,556,560,561,565,629,637,990,1010,1011,1015,1025,1031,1078,1109
