16991 512 772 516 0 772
4604366 1135 977 978 0 977
4630999 1023 926 518 0 926
4641288 996 977 549 0 977
4682754 1091 949 1055 0 948,992,1101
4687804 949 661 543 0 664,772,948
4690044 692 353 760 1 320,352,357,358,360,361,362,365,368,370,372,374,375,376,378,382,383,588,597,613,631,632,642,715,733,745,752,754,758,949,962,977,999,1002,1017,1037
4690048 631 354 759 1 256,320,352,357,358,362,363,364,366,367,369,370,373,375,376,377,379,381,382,383,588,597,632,634,702,732,733,737,739,745,747,749,750,752,755,757,758,760,965,977,999,1002,1067,1091
4699980 630 321 984 0 256,321,323,325,327,328,329,330,333,335,336,337,339,340,342,343,348,350,564,571,670,674,675,681,683,685,689,693,697,980,1006,1009,1038,1041,1091,1099,1103
4699984 1038 322 664 0 321,325,328,329,330,331,332,339,342,344,345,346,350,564,671,672,673,674,684,687,689,693,709,984,1006,1041,1103,1139
4708920 948 353 666 1 353,357,358,359,360,361,363,366,367,370,371,373,377,379,381,382,564,658,670,671,672,673,674,680,682,683,684,694,697,720,949,1008,1019,1103
4708924 1008 354 984 0 352,353,354,358,369,370,371,373,376,378,379,381,568,658,681,682,683,684,689,694,949,1009,1019
4711481 996 383 682 1 368,369,549,685
4718270 802 1169 1014 1 256,288,601,801,940
4718274 801 940 600 1 288,320,800,801,940,1091,1108
4720313 946 289 595 1 256,295,296,298,300,305,306,308,309,310,311,313,314,317,318,320,599,600,603,607,608,609,611,612,614,618,622,636,735,967,998,1091
4720317 967 290 1016 0 256,288,289,290,292,294,296,298,302,303,304,313,314,315,317,549,600,601,603,615,618,621,625,636,801,996,998,1146
4722875 1023 319 989 0 256,289,290,291,304,305,518,609,801,1146
4729458 1130 257 940 0 260,262,263,264,267,269,274,275,276,278,279,280,281,282,286,519,520,521,523,525,527,676,722,943,990,1022,1024,1039,1057,1065,1118
4729462 990 258 1169 1 260,262,263,264,265,268,269,274,276,277,278,280,284,286,288,519,520,522,523,525,722,801,940,941,943,947,1021,1039,1057,1065,1100,1118,1140,1142
4738388 800 289 707 0 288,295,297,299,300,302,304,305,309,310,313,314,315,318,518,523,525,527,676,722,799,801,941,943,945,1021,1022,1023,1065
4738392 799 290 1108 0 289,290,292,293,295,296,297,299,300,305,306,307,309,312,316,518,522,523,525,527,530,798,941,944,1021,1024,1053,1138,1140
4748040 1078 761 669 1 320,352,740,924,1145
4748044 740 1145 1127 1 320,352,740,1117,1145,1161
4750082 1108 353 946 1 940
4750086 940 354 1082 0 320,354,358,359,362,367,368,369,373,374,379,383,665,686,690,707,740,917,918,919,920,922,923,1107,1172
4752644 1135 383 1122 0 320,353,354,355,368,369,740,921,978,1172
4759227 1101 321 1145 1 320,321,324,327,329,331,333,338,339,341,343,344,345,346,347,866,906,907,908,913,915,972,1028,1059,1116,1128,1129,1163,1164,1165
4759231 866 322 761 0 320,322,327,328,329,332,334,335,336,338,339,342,345,346,349,350,699,905,906,907,910,911,913,972,978,979,1028,1063,1116,1128,1136,1150
4768089 1117 353 904 1 1049
4768093 1049 354 699 0 352,354,356,357,366,367,371,372,374,378,380,382,518,522,523,525,722,883,947,992,1021,1023,1064,1065
4783298 580 703 659 0 703
4826218 622 927 636 0 927
4836507 556 1064 1010 0 1064
4844835 1121 480 1132 0 480
4912091 1078 907 744 1 384,416,548,882,906
4912095 882 906 546 1 384,416,881,882,906,1146
4914134 607 417 541 0 384,416,421,422,424,425,427,428,430,431,435,440,444,445,447,546,551,561,563,571,709,744,882,925,998,1010,1011,1015,1025,1038
4923279 903 385 906 0 387,388,389,390,391,393,395,396,397,398,401,402,405,406,408,410,413,549,576,595,608,609,611,612,614,618,621,622,623,628,667,976,989,995,1113
4923283 976 386 907 1 389,391,393,395,398,400,401,402,403,404,405,407,410,412,413,414,416,549,576,590,594,595,601,603,612,618,621,622,624,625,636,667,748,882,906,989,993,1113
4932209 881 417 1014 1 417,421,422,426,428,429,431,432,437,438,439,440,442,443,444,445,549,576,590,609,611,612,614,615,621,622,625,667,882,989,993,1009,1016,1031
4993800 576 976 625 0 976
5020433 517 699 553 0 699
5030722 579 976 1005 0 976
5091833 602 978 1172 0 629,865,1135
5096883 978 655 760 0 384,448,602,656,759,1135
5109059 1128 449 983 1 448,453,457,458,459,460,461,462,464,465,466,469,471,473,474,476,477,480,558,661,670,671,672,673,689,720,749,972,978,980,984,1019,1041,1103,1151,1155
5118003 953 482 983 0 482,484,486,488,491,492,493,495,498,499,502,503,504,507,508,509,510,547,558,613,664,666,671,672,673,677,681,689,746,978,980,984,1099,1106,1151,1155
5127349 806 609 1084 1 416,448,602,616,805,939
5127353 805 939 1173 0 384,448,602,611,804,1084
5129392 906 417 1119 0 384,416,419,421,426,427,428,431,432,433,435,439,440,445,446,568,570,577,579,586,589,646,805,922,1004,1005,1020,1158,1164,1173
5129396 1164 418 1107 0 384,421,422,427,428,429,432,434,435,438,439,440,445,447,542,569,570,577,579,586,587,589,665,805,948,1008,1020,1059,1119,1153,1158,1173
5138537 1039 385 939 0 385,387,393,395,396,400,403,404,405,407,409,412,414,448,546,548,553,557,560,565,602,608,908,926,1010,1011,1012,1108,1170
5138541 926 386 609 1 385,386,395,398,399,403,407,409,410,413,548,551,560,563,709,992,1010,1011,1013
5147467 804 417 909 0 417,419,420,421,422,423,425,427,430,431,432,433,437,438,443,444,445,517,548,553,555,556,559,561,563,565,629,709,735,803,805,940,1011,1014,1025,1170
5147471 803 418 611 0 416,420,421,422,424,426,427,428,430,433,434,436,437,438,439,440,442,445,546,548,550,553,556,560,565,629,709,744,802,909,1010,1011,1012,1013,1014,1015,1025,1108,1170
5157123 1031 1127 977 1 448,480,686,881,1031,1127
5159161 611 481 906 1 480,481,483,485,489,490,492,496,497,501,505,506,507,508,511,518,520,521,523,603,608,676,722,905,909,939,944,1053,1065,1118
5159165 939 482 907 0 481,488,489,491,492,493,498,503,504,506,508,509,510,520,521,722,906,938,943,947,977,1021,1022,1024,1067,1118,1138,1140
5168306 865 449 1127 1 448,449,451,453,454,455,460,463,466,467,469,470,472,476,478,549,590,595,596,601,612,615,623,624,636,667,957,993,1009,1112
5168310 957 450 669 1 448,454,455,456,461,463,464,466,467,469,470,473,474,476,478,595,596,601,614,615,622,623,624,625,667,710,993,1009,1094,1112,1113,1127,1148
5177172 882 482 927 1 480,481,482,485,487,489,490,491,492,494,496,497,500,501,502,503,505,506,507,509,510,546,548,550,551,553,555,556,560,561,565,629,709,1010,1011,1015,1025,1031,1078,1108,1170
