4613956 1099 977 978 0 977
4640589 1023 926 518 0 926
4650878 996 977 549 0 977
4699826 692 353 588 1 320,352,357,358,360,361,362,365,368,370,372,374,375,376,378,382,383,631,711,721,739,744,750,752,757,758,760,762,949,962,965,973,977,1002,1017,1142
4699830 631 354 745 1 256,320,352,357,358,362,363,364,366,367,369,370,373,375,376,377,379,381,382,383,588,632,634,702,715,716,720,721,734,750,752,755,756,757,758,759,962,965,966,973,977,999,1002,1091
4709774 630 321 984 0 256,321,323,325,327,328,329,330,333,335,336,337,339,340,342,343,348,350,564,571,670,674,675,681,683,685,689,693,697,726,980,1006,1009,1091,1111,1119,1156
4709778 1111 322 664 0 321,325,328,329,330,331,332,339,342,344,345,346,350,564,671,672,673,674,681,684,687,689,693,984,1006,1119,1125,1131
4718718 1008 354 984 0 352,353,354,358,369,370,371,373,376,378,379,381,568,682,683,684,689,694,949,1009,1019,1107,1156
4721275 996 383 682 1 368,369,549,685
4728064 814 1169 1014 1 256,288,601,813,940
4728068 813 940 600 1 288,320,812,813,940,1091,1158
4730107 946 289 595 1 256,295,296,298,300,305,306,308,309,310,311,313,314,317,318,320,580,599,600,603,607,608,609,611,612,614,618,622,642,998,1091,1123
4730111 1123 290 1016 0 256,288,289,290,292,294,296,298,302,303,304,313,314,315,317,549,600,601,603,615,618,621,625,642,813,996,998,1038
4732669 1023 319 583 0 256,289,290,291,304,305,518,609,813,1038
4739252 1108 257 940 0 260,262,263,264,267,269,274,275,276,278,279,280,281,282,286,519,520,521,523,525,527,535,676,688,943,997,1022,1024,1039,1057,1103
4739256 535 258 1169 1 260,262,263,264,265,268,269,274,276,277,278,280,284,286,288,519,520,522,523,525,636,688,813,940,941,943,947,997,1021,1039,1057,1093,1103,1140
4748182 812 289 1154 0 288,295,297,299,300,302,304,305,309,310,313,314,315,318,518,523,525,527,676,811,813,941,943,945,997,1021,1022,1023,1103
4748186 811 290 1158 0 289,290,292,293,295,296,297,299,300,305,306,307,309,312,316,518,522,523,525,527,530,646,810,941,944,1021,1024,1053,1140
4757834 1078 761 669 1 320,352,740,924,1073
4757838 740 1073 983 1 320,352,740,1041,1073,1082
4759876 1158 353 946 1 940
4759880 940 354 637 0 320,354,358,359,362,367,368,369,373,374,379,383,665,686,690,735,740,917,918,919,920,922,923,1154,1173
4762438 1099 383 1122 0 320,353,354,355,368,369,740,921,978,1173
4769021 1101 321 1073 1 320,321,324,327,329,331,333,338,339,341,343,344,345,346,347,866,906,907,908,913,915,972,1028,1052,1114,1127,1128,1153,1164,1172
4769025 866 322 761 0 320,322,327,328,329,332,334,335,336,338,339,342,345,346,349,350,699,905,906,907,910,911,913,972,978,979,1028,1063,1114,1127,1136,1143
4777887 1049 354 699 0 352,354,356,357,366,367,371,372,374,378,380,382,518,522,523,525,883,947,992,997,1021,1023,1064,1103
4793092 698 703 707 0 703
4836012 622 927 642 0 927
4846301 556 1064 1010 0 1064
4854629 1121 480 1150 0 480
4922057 1078 907 1129 1 384,416,548,882,906
4922061 882 906 546 1 384,416,881,882,906,1038
4924100 607 417 541 0 384,416,421,422,424,425,427,428,430,431,435,440,444,445,447,546,551,561,563,571,882,925,998,1010,1011,1015,1025,1111,1129,1131
4933245 903 385 906 0 387,388,389,390,391,393,395,396,397,398,401,402,405,406,408,410,413,549,583,595,608,609,611,612,614,618,621,622,623,628,647,976,995,1110,1115
4933249 976 386 907 1 389,391,393,395,398,400,401,402,403,404,405,407,410,412,413,414,416,549,583,590,594,595,601,603,612,618,621,622,624,625,642,647,748,882,906,993,1110,1115
4942175 881 417 1014 1 417,421,422,426,428,429,431,432,437,438,439,440,442,443,444,445,549,583,590,609,611,612,614,615,621,622,625,647,882,993,1009,1016,1032,1115
5003766 1115 976 625 0 976
5030399 517 699 553 0 699
5040688 579 976 1005 0 976
5109481 564 481 724 0 448,480,485,486,487,489,490,491,493,494,497,498,500,501,504,506,507,508,510,511,613,706,710,712,716,718,719,728,730,732,744,752,758,762,959,965,969,976,978,1017,1074,1142
5119429 1127 449 593 1 448,453,457,458,459,460,461,462,464,465,466,469,471,473,474,476,477,480,558,661,670,671,672,673,681,689,755,972,978,980,984,1019,1081,1112,1119,1149
5119433 972 450 656 1 384,448,452,453,455,458,462,464,465,471,474,475,476,477,480,593,602,657,661,673,674,681,682,683,689,726,754,755,978,980,1081,1119,1149
5137719 775 609 1084 1 416,448,602,616,774,939
5137723 774 939 1162 0 384,448,602,611,773,1084
5139762 906 417 1117 0 384,416,419,421,426,427,428,431,432,433,435,439,440,445,446,568,570,577,579,586,589,658,774,922,975,1004,1005,1020,1162,1164
5139766 1164 418 735 0 384,421,422,427,428,429,432,434,435,438,439,440,445,447,542,569,570,577,579,586,587,589,665,774,948,975,1008,1020,1052,1067,1117,1162
5148907 1039 385 939 0 385,387,393,395,396,400,403,404,405,407,409,412,414,448,546,548,553,557,560,565,602,608,908,926,1010,1011,1012,1158,1168
5148911 926 386 609 1 385,386,395,398,399,403,407,409,410,413,548,551,560,563,992,1010,1011,1013,1131
5157837 773 417 909 0 417,419,420,421,422,423,425,427,430,431,432,433,437,438,443,444,445,515,517,548,553,555,556,561,563,565,580,629,774,940,1011,1014,1025,1131,1139,1168
5157841 515 418 611 0 416,420,421,422,424,426,427,428,430,433,434,436,437,438,439,440,442,445,546,548,550,553,556,560,565,629,814,909,1010,1011,1012,1013,1014,1015,1025,1129,1131,1158,1168
5178676 865 449 983 1 448,449,451,453,454,455,460,463,466,467,469,470,472,476,478,549,590,595,596,601,612,615,623,624,642,647,957,993,1009,1109
5178680 957 450 669 1 448,454,455,456,461,463,464,466,467,469,470,473,474,476,478,595,596,601,614,615,622,623,624,625,647,702,983,993,1009,1094,1109,1110,1148
