4606046 1135 977 978 0 977
4632679 1023 926 518 0 926
4642968 996 977 549 0 977
4691916 692 353 588 1 320,352,357,358,360,361,362,365,368,370,372,374,375,376,378,382,383,631,642,711,721,739,744,750,752,757,758,760,762,949,962,965,973,977,1002,1017
4691920 631 354 745 1 256,320,352,357,358,362,363,364,366,367,369,370,373,375,376,377,379,381,382,383,588,632,634,702,715,716,720,721,734,750,752,755,756,757,758,759,962,965,966,973,977,999,1002,1091
4701864 630 321 984 0 256,321,323,325,327,328,329,330,333,335,336,337,339,340,342,343,348,350,564,571,670,674,675,683,685,689,693,697,980,1006,1009,1038,1087,1091,1119,1120,1149
4701868 1038 322 664 0 321,325,328,329,330,331,332,339,342,344,345,346,350,564,637,671,672,673,674,684,687,689,693,984,1006,1120,1149,1168
4710804 948 353 666 1 353,357,358,359,360,361,363,366,367,370,371,373,377,379,381,382,564,658,670,671,672,673,674,680,682,683,684,694,697,763,949,1008,1019,1149
4710808 1008 354 984 0 352,353,354,358,369,370,371,373,376,378,379,381,568,658,682,683,684,689,694,949,1009,1019,1119
4720154 814 1169 1014 1 256,288,601,813,940
4720158 813 940 600 1 288,320,812,813,940,990,1091
4722197 946 289 595 1 256,295,296,298,300,305,306,308,309,310,311,313,314,317,318,320,599,600,603,607,608,609,611,612,614,618,622,967,998,1091,1108,1158
4722201 967 290 1016 0 256,288,289,290,292,294,296,298,302,303,304,313,314,315,317,549,600,601,603,615,618,621,625,813,996,998,1081,1108
4731342 1117 257 940 0 260,262,263,264,267,269,274,275,276,278,279,280,281,282,286,519,520,521,523,525,527,580,676,722,943,1022,1024,1039,1057,1085,1127
4731346 580 258 1169 1 260,262,263,264,265,268,269,274,276,277,278,280,284,286,288,519,520,522,523,525,722,813,940,941,943,947,1021,1039,1057,1085,1106,1127,1140,1142
4740272 812 289 735 0 288,295,297,299,300,302,304,305,309,310,313,314,315,318,518,523,525,527,676,722,811,813,941,943,945,1021,1022,1023,1085
4740276 811 290 990 0 289,290,292,293,295,296,297,299,300,305,306,307,309,312,316,518,522,523,525,527,530,646,810,941,944,1021,1024,1053,1140
4749928 740 1059 983 1 320,352,740,1059,1116,1141
4751966 990 353 946 1 940
4761111 1101 321 1059 1 320,321,324,327,329,331,333,338,339,341,343,344,345,346,347,866,906,907,908,913,915,972,1028,1052,1115,1128,1129,1153,1164,1165
4761115 866 322 1146 0 320,322,327,328,329,332,334,335,336,338,339,342,345,346,349,350,699,905,906,907,910,911,913,972,978,979,1028,1063,1115,1128,1136,1143
4769973 1116 353 904 1 1049
4769977 1049 354 699 0 352,354,356,357,366,367,371,372,374,378,380,382,518,522,523,525,722,883,947,992,1021,1023,1064,1085
4785182 1107 703 975 0 703
4828102 622 927 1108 0 927
4838391 556 1064 1010 0 1064
4846719 1122 480 583 0 480
4914147 1078 907 678 1 384,416,548,882,906
4914151 882 906 546 1 384,416,881,882,906,1081
4916190 607 417 541 0 384,416,421,422,424,425,427,428,430,431,435,440,444,445,447,546,551,561,563,571,637,678,882,925,998,1010,1011,1015,1025,1038
4925335 903 385 906 0 387,388,389,390,391,393,395,396,397,398,401,402,405,406,408,410,413,549,595,608,609,611,612,614,618,621,622,623,628,667,698,976,995,1111,1138
4925339 976 386 907 1 389,391,393,395,398,400,401,402,403,404,405,407,410,412,413,414,416,549,590,594,595,601,603,612,618,621,622,624,625,667,698,748,882,906,993,1108,1111,1138
4934265 881 417 1014 1 417,421,422,426,428,429,431,432,437,438,439,440,442,443,444,445,549,590,609,611,612,614,615,621,622,625,667,698,882,993,1009,1016,1031,1138
4995856 667 976 625 0 976
5022489 517 699 553 0 699
5032778 579 976 1005 0 976
5101571 564 481 724 0 448,480,485,486,487,489,490,491,493,494,497,498,500,501,504,506,507,508,510,511,613,642,706,710,712,716,718,719,728,730,732,744,752,758,762,959,965,969,976,978,1017,1160
5111519 1128 449 576 1 448,453,457,458,459,460,461,462,464,465,466,469,471,473,474,476,477,480,558,593,661,670,671,672,673,689,755,763,964,972,978,980,984,1019,1120,1149
5111523 972 450 656 1 384,448,452,453,455,458,462,464,465,471,474,475,476,477,480,576,602,661,673,674,682,683,689,754,755,763,964,978,980,1087,1093,1120,1149
5120463 953 482 576 0 482,484,486,488,491,492,493,495,498,499,502,503,504,507,508,509,510,547,558,593,664,666,671,672,673,677,689,707,754,964,978,980,984,1087,1119,1171
5129809 775 609 1084 1 416,448,602,616,774,939
5129813 774 939 1173 0 384,448,602,611,773,1084
5131852 906 417 1118 0 384,416,419,421,426,427,428,431,432,433,435,439,440,445,446,568,570,577,579,586,589,774,922,989,1004,1005,1020,1150,1164,1173
5131856 1164 418 1065 0 384,421,422,427,428,429,432,434,435,438,439,440,445,447,542,569,570,577,579,586,587,589,665,774,948,1008,1020,1041,1052,1118,1150,1173
5140997 1039 385 939 0 385,387,393,395,396,400,403,404,405,407,409,412,414,448,546,548,553,557,560,565,602,608,908,926,990,1010,1011,1012,1130
5141001 926 386 609 1 385,386,395,398,399,403,407,409,410,413,548,551,560,563,637,992,1010,1011,1013
5149927 773 417 909 0 417,419,420,421,422,423,425,427,430,431,432,433,437,438,443,444,445,515,517,548,553,555,556,561,563,565,629,637,688,774,940,1011,1014,1025,1130,1158
5149931 515 418 611 0 416,420,421,422,424,426,427,428,430,433,434,436,437,438,439,440,442,445,546,548,550,553,556,560,565,629,637,678,814,909,990,1010,1011,1012,1013,1014,1015,1025,1130
5159579 743 669 947 1 448,480,983,1031,1127
5161621 611 481 906 1 480,481,483,485,489,490,492,496,497,501,505,506,507,508,511,518,520,521,523,603,608,676,722,905,909,939,944,1053,1085,1127
5170766 865 449 983 1 448,449,451,453,454,455,460,463,466,467,469,470,472,476,478,549,590,595,596,601,612,615,623,624,957,993,1009,1108,1110,1138
5170770 957 450 669 1 448,454,455,456,461,463,464,466,467,469,470,473,474,476,478,595,596,601,614,615,622,623,624,625,702,983,993,1009,1094,1110,1111,1138,1148
5179632 882 482 927 1 480,481,482,485,487,489,490,491,492,494,496,497,500,501,502,503,505,506,507,509,510,546,548,550,551,553,555,556,560,561,565,629,637,990,1010,1011,1015,1025,1031,1078,1130
4713365 996 383 682 1 368,369,549,685
4724759 1023 319 698 0 256,289,290,291,304,305,518,609,813,1081
4749924 1078 1146 669 1 320,352,740,924,1059
4751970 940 354 1082 0 320,354,358,359,362,367,368,369,373,374,379,383,665,686,690,735,740,917,918,919,920,922,923,1065,1172
4754528 1135 383 1123 0 320,353,354,355,368,369,740,921,978,1172
